GenOpt(R) Version 3.1.0, December 8, 2011

Lawrence Berkeley National Laboratory
http://simulationresearch.lbl.gov
Michael Wetter, MWetter@lbl.gov

GenOpt Copyright (c) 1998-2011, The Regents of the
University of California, through Lawrence Berkeley
National Laboratory (subject to receipt of any 
required approvals from the U.S. Dept. of Energy).
All rights reserved.
_______________________________________________________________

Results of GPSPSOCCHJ algorithm
Start time: Thu May 22 02:26:43 IST 2014

All Iterations


Simulation Number	Main Iteration	Sub Iteration	Step Number	Es_tot	azimuth_angle	wwr_height1	depth	lbybratio_length	shgc
1	1	1	1	4.94213704474467E10	90.0	1.2	0.5	5.0	0.25	Generation 1.
2	2	1	1	5.88619114616761E10	90.0	1.2	0.5	6.5	0.67	Generation 1.
3	3	1	1	5.61848160605527E10	90.0	0.9	0.4	8.0	0.67	Generation 1.
4	4	1	1	5.05614173737238E10	180.0	1.2	0.7	6.5	0.2	Generation 1.
5	5	1	1	6.63584828964599E10	180.0	1.5	1.0	5.0	0.67	Generation 1.
6	6	1	1	5.01530312060599E10	90.0	0.9	1.1	9.0	0.25	Generation 1.
7	7	1	1	4.78736188512614E10	180.0	0.6	1.1	6.5	0.25	Generation 1.
8	8	1	1	5.40798025465012E10	90.0	1.5	0.5	8.0	0.25	Generation 1.
9	9	1	1	5.28220481138434E10	0.0	1.8	0.8	7.5	0.25	Generation 1.
10	10	1	1	5.06964155613026E10	180.0	0.9	0.7	6.0	0.28	Generation 1.
11	11	1	1	5.32880869092121E10	180.0	1.5	0.7	6.5	0.25	Generation 1.
12	12	1	1	5.11548061708191E10	90.0	0.9	1.0	10.0	0.25	Generation 1.
13	13	1	1	5.01627038460117E10	90.0	1.2	1.3	6.5	0.25	Generation 1.
14	14	1	1	6.02077422086377E10	90.0	2.4	1.0	9.5	0.2	Generation 1.
15	15	1	1	5.05316947264624E10	90.0	0.9	0.4	7.5	0.28	Generation 1.
16	16	1	1	4.91110746907351E10	180.0	0.9	0.4	7.5	0.2	Generation 1.
17	17	1	1	5.13556444897996E10	90.0	1.2	0.5	5.0	0.28	Generation 2.
18	18	1	1	5.00394820933666E10	90.0	1.2	0.5	6.0	0.25	Generation 2.
19	19	1	1	5.54187691523533E10	90.0	0.9	0.6	7.5	0.67	Generation 2.
20	20	1	1	5.15671953989178E10	180.0	1.2	0.6	6.5	0.25	Generation 2.
21	21	1	1	5.24690023553343E10	180.0	1.5	0.9	5.0	0.2	Generation 2.
22	22	1	1	5.48929190268258E10	90.0	0.9	1.1	8.5	0.67	Generation 2.
23	23	1	1	5.31160167769487E10	180.0	0.6	1.1	6.5	0.67	Generation 2.
24	24	1	1	5.88981950062258E10	90.0	1.2	0.6	7.5	0.67	Generation 2.
25	25	1	1	5.14340828951929E10	0.0	1.8	0.9	7.5	0.2	Generation 2.
26	26	1	1	5.70179535648377E10	180.0	0.9	0.8	6.5	0.67	Generation 2.
27	27	1	1	5.15470630971718E10	180.0	1.2	0.8	6.5	0.25	Generation 2.
28	28	1	1	5.58068137552149E10	90.0	0.9	0.9	9.5	0.67	Generation 2.
29	29	1	1	4.95524985707269E10	90.0	1.2	1.1	6.5	0.2	Generation 2.
30	30	1	1	5.84634848376174E10	90.0	2.1	1.1	9.0	0.28	Generation 2.
31	31	1	1	4.85513108112091E10	90.0	0.9	0.4	7.5	0.2	Generation 2.
32	32	1	1	5.64800931669369E10	180.0	0.9	0.4	7.5	0.67	Generation 2.
33	33	1	1	5.93703694051213E10	90.0	1.2	0.5	5.0	0.67	Generation 3.
34	34	1	1	4.92798416597722E10	90.0	1.2	0.5	6.0	0.2	Generation 3.
35	35	1	1	4.89041567097458E10	90.0	0.9	0.7	7.5	0.25	Generation 3.
36	36	1	1	6.05374537430504E10	180.0	1.2	0.6	6.5	0.67	Generation 3.
37	37	1	1	5.39703656539393E10	180.0	1.5	0.8	5.0	0.25	Generation 3.
38	38	1	1	4.98613719406512E10	90.0	0.9	1.1	8.5	0.28	Generation 3.
39	39	1	1	4.85173309776123E10	180.0	0.6	1.1	6.5	0.28	Generation 3.
40	40	1	1	5.86504989120918E10	90.0	1.2	0.7	7.5	0.67	Generation 3.
41	41	1	1	6.36312540667618E10	0.0	1.8	1.0	7.5	0.67	Generation 3.
42	42	1	1	4.9715425438895E10	180.0	0.9	0.8	7.0	0.25	Generation 3.
43	43	1	1	5.15385012625519E10	180.0	1.2	0.9	6.5	0.25	Generation 3.
44	44	1	1	5.6020635510861E10	90.0	0.9	0.8	9.5	0.67	Generation 3.
45	45	1	1	5.02499211982315E10	90.0	1.2	1.0	6.5	0.25	Generation 3.
46	46	1	1	5.63947060984397E10	90.0	1.8	1.1	8.5	0.25	Generation 3.
47	47	1	1	5.59486975517845E10	90.0	0.9	0.4	7.5	0.67	Generation 3.
48	48	1	1	5.0518816647591E10	180.0	0.9	0.4	7.5	0.28	Generation 3.
48	49	1	1	5.93703694051213E10	90.0	1.2	0.5	5.0	0.67	Generation 4.
48	50	1	1	5.00394820933666E10	90.0	1.2	0.5	6.0	0.25	Generation 4.
49	51	1	1	4.88623347560965E10	90.0	0.9	0.8	7.5	0.25	Generation 4.
49	52	1	1	5.05614173737238E10	180.0	1.2	0.7	6.5	0.2	Generation 4.
50	53	1	1	5.50289090244028E10	180.0	1.5	0.8	5.0	0.28	Generation 4.
51	54	1	1	4.9676654250008E10	90.0	0.9	1.1	8.5	0.25	Generation 4.
51	55	1	1	4.78736188512614E10	180.0	0.6	1.1	6.5	0.25	Generation 4.
52	56	1	1	5.14929192239339E10	90.0	1.2	0.6	7.5	0.28	Generation 4.
53	57	1	1	5.36088990930727E10	0.0	1.8	1.0	7.5	0.28	Generation 4.
54	58	1	1	5.04751064487089E10	180.0	0.9	0.8	7.0	0.28	Generation 4.
54	59	1	1	5.15385012625519E10	180.0	1.2	0.9	6.5	0.25	Generation 4.
55	60	1	1	5.07117923778066E10	90.0	0.9	0.9	9.5	0.25	Generation 4.
56	61	1	1	5.04214507503604E10	90.0	1.2	1.0	6.5	0.28	Generation 4.
57	62	1	1	6.45832491300454E10	90.0	1.8	1.0	8.5	0.67	Generation 4.
57	63	1	1	4.85513108112091E10	90.0	0.9	0.4	7.5	0.2	Generation 4.
58	64	1	1	4.980107781676E10	180.0	0.9	0.4	7.5	0.25	Generation 4.
58	65	1	1	5.13556444897996E10	90.0	1.2	0.5	5.0	0.28	Generation 5.
59	66	1	1	5.15336580409423E10	90.0	1.2	0.5	6.0	0.28	Generation 5.
60	67	1	1	5.5010550473883E10	90.0	0.9	0.8	7.5	0.67	Generation 5.
61	68	1	1	6.0506916563877E10	180.0	1.2	0.7	6.5	0.67	Generation 5.
61	69	1	1	5.50289090244028E10	180.0	1.5	0.8	5.0	0.28	Generation 5.
61	70	1	1	4.9676654250008E10	90.0	0.9	1.1	8.5	0.25	Generation 5.
61	71	1	1	4.78736188512614E10	180.0	0.6	1.1	6.5	0.25	Generation 5.
61	72	1	1	5.14929192239339E10	90.0	1.2	0.6	7.5	0.28	Generation 5.
62	73	1	1	5.13790148330497E10	0.0	1.8	1.0	7.5	0.2	Generation 5.
62	74	1	1	5.04751064487089E10	180.0	0.9	0.8	7.0	0.28	Generation 5.
62	75	1	1	5.15385012625519E10	180.0	1.2	0.9	6.5	0.25	Generation 5.
63	76	1	1	5.08919891002644E10	90.0	0.9	0.9	9.5	0.28	Generation 5.
64	77	1	1	4.95789798290302E10	90.0	1.2	1.0	6.5	0.2	Generation 5.
65	78	1	1	5.64533373851807E10	90.0	1.8	1.0	8.5	0.25	Generation 5.
65	79	1	1	4.85513108112091E10	90.0	0.9	0.4	7.5	0.2	Generation 5.
65	80	1	1	4.91110746907351E10	180.0	0.9	0.4	7.5	0.2	Generation 5.
66	81	1	1	4.85733391360706E10	90.0	1.2	0.5	5.0	0.2	Generation 6.
66	82	1	1	5.15336580409423E10	90.0	1.2	0.5	6.0	0.28	Generation 6.
67	83	1	1	4.90761174000603E10	90.0	0.9	0.8	7.5	0.28	Generation 6.
68	84	1	1	5.15554346645737E10	180.0	1.2	0.7	6.5	0.25	Generation 6.
69	85	1	1	6.63928309537751E10	180.0	1.5	0.8	5.0	0.67	Generation 6.
69	86	1	1	4.9676654250008E10	90.0	0.9	1.1	8.5	0.25	Generation 6.
69	87	1	1	5.31160167769487E10	180.0	0.6	1.1	6.5	0.67	Generation 6.
69	88	1	1	5.14929192239339E10	90.0	1.2	0.6	7.5	0.28	Generation 6.
69	89	1	1	5.36088990930727E10	0.0	1.8	1.0	7.5	0.28	Generation 6.
69	90	1	1	4.9715425438895E10	180.0	0.9	0.8	7.0	0.25	Generation 6.
70	91	1	1	6.04598665600028E10	180.0	1.2	0.9	6.5	0.67	Generation 6.
70	92	1	1	5.07117923778066E10	90.0	0.9	0.9	9.5	0.25	Generation 6.
70	93	1	1	4.95789798290302E10	90.0	1.2	1.0	6.5	0.2	Generation 6.
71	94	1	1	5.63652829899176E10	90.0	1.8	1.0	8.5	0.28	Generation 6.
71	95	1	1	4.85513108112091E10	90.0	0.9	0.4	7.5	0.2	Generation 6.
71	96	1	1	5.0518816647591E10	180.0	0.9	0.4	7.5	0.28	Generation 6.
71	97	1	1	4.94213704474467E10	90.0	1.2	0.5	5.0	0.25	Generation 7.
71	98	1	1	5.15336580409423E10	90.0	1.2	0.5	6.0	0.28	Generation 7.
71	99	1	1	4.88623347560965E10	90.0	0.9	0.8	7.5	0.25	Generation 7.
71	100	1	1	5.05614173737238E10	180.0	1.2	0.7	6.5	0.2	Generation 7.
72	101	1	1	5.24742405385546E10	180.0	1.5	0.8	5.0	0.2	Generation 7.
72	102	1	1	4.98613719406512E10	90.0	0.9	1.1	8.5	0.28	Generation 7.
72	103	1	1	4.78736188512614E10	180.0	0.6	1.1	6.5	0.25	Generation 7.
73	104	1	1	5.14353523889386E10	90.0	1.2	0.7	7.5	0.28	Generation 7.
73	105	1	1	5.36088990930727E10	0.0	1.8	1.0	7.5	0.28	Generation 7.
73	106	1	1	4.9715425438895E10	180.0	0.9	0.8	7.0	0.25	Generation 7.
74	107	1	1	5.05502927675215E10	180.0	1.2	0.9	6.5	0.2	Generation 7.
75	108	1	1	5.03448823421069E10	90.0	0.9	0.8	9.5	0.2	Generation 7.
76	109	1	1	5.7875550736732E10	90.0	1.2	1.0	6.5	0.67	Generation 7.
77	110	1	1	6.48300774310047E10	90.0	1.8	0.9	8.5	0.67	Generation 7.
77	111	1	1	5.59486975517845E10	90.0	0.9	0.4	7.5	0.67	Generation 7.
77	112	1	1	4.91110746907351E10	180.0	0.9	0.4	7.5	0.2	Generation 7.
77	113	1	1	4.94213704474467E10	90.0	1.2	0.5	5.0	0.25	Generation 8.
78	114	1	1	5.90219305339195E10	90.0	1.2	0.5	5.5	0.67	Generation 8.
79	115	1	1	4.84019508608171E10	90.0	0.9	0.9	7.0	0.25	Generation 8.
80	116	1	1	5.06084320526569E10	180.0	1.2	0.6	6.0	0.2	Generation 8.
81	117	1	1	5.50345058880391E10	180.0	1.5	0.7	5.0	0.28	Generation 8.
82	118	1	1	4.920919997211E10	90.0	0.9	1.1	8.0	0.25	Generation 8.
82	119	1	1	4.78736188512614E10	180.0	0.6	1.1	6.5	0.25	Generation 8.
83	120	1	1	4.8435883235699E10	90.0	0.9	0.8	7.0	0.25	Generation 8.
84	121	1	1	5.01917347512426E10	0.0	1.5	1.0	7.0	0.2	Generation 8.
85	122	1	1	5.04810604562481E10	180.0	0.9	0.9	7.5	0.28	Generation 8.
86	123	1	1	4.97352437728512E10	180.0	0.9	1.0	6.5	0.25	Generation 8.
87	124	1	1	4.98894900498017E10	90.0	0.9	0.7	9.0	0.2	Generation 8.
88	125	1	1	5.00647868335159E10	90.0	1.2	0.9	6.0	0.28	Generation 8.
89	126	1	1	5.40041488918207E10	90.0	1.5	0.8	8.0	0.28	Generation 8.
89	127	1	1	5.05316947264624E10	90.0	0.9	0.4	7.5	0.28	Generation 8.
89	128	1	1	4.91110746907351E10	180.0	0.9	0.4	7.5	0.2	Generation 8.
89	129	1	1	5.13556444897996E10	90.0	1.2	0.5	5.0	0.28	Generation 9.
90	130	1	1	4.92405531033582E10	90.0	1.2	0.6	6.0	0.2	Generation 9.
91	131	1	1	4.83714197908213E10	90.0	0.9	1.0	7.0	0.25	Generation 9.
91	132	1	1	5.05614173737238E10	180.0	1.2	0.7	6.5	0.2	Generation 9.
92	133	1	1	5.07372028438608E10	180.0	1.2	0.9	5.5	0.2	Generation 9.
93	134	1	1	5.45359302368197E10	90.0	0.9	1.1	7.5	0.67	Generation 9.
93	135	1	1	4.78736188512614E10	180.0	0.6	1.1	6.5	0.25	Generation 9.
93	136	1	1	4.84019508608171E10	90.0	0.9	0.9	7.0	0.25	Generation 9.
93	137	1	1	5.01917347512426E10	0.0	1.5	1.0	7.0	0.2	Generation 9.
94	138	1	1	4.97457710231137E10	180.0	0.9	0.9	7.5	0.25	Generation 9.
95	139	1	1	5.05293300910589E10	180.0	0.9	1.0	6.5	0.28	Generation 9.
96	140	1	1	4.9839926111658E10	90.0	0.9	0.7	8.5	0.25	Generation 9.
97	141	1	1	4.91190349707601E10	90.0	1.2	1.0	6.0	0.2	Generation 9.
98	142	1	1	5.11856580556936E10	90.0	1.2	0.7	8.0	0.2	Generation 9.
99	143	1	1	4.85008156744607E10	90.0	0.9	0.5	7.5	0.2	Generation 9.
99	144	1	1	4.91110746907351E10	180.0	0.9	0.4	7.5	0.2	Generation 9.
99	145	1	1	4.85733391360706E10	90.0	1.2	0.5	5.0	0.2	Generation 10.
100	146	1	1	4.96412845489552E10	90.0	1.2	0.8	6.5	0.2	Generation 10.
100	147	1	1	4.78736188512614E10	180.0	0.6	1.1	6.5	0.25	Generation 10.
101	148	1	1	5.00900698895424E10	90.0	1.2	0.9	7.0	0.2	Generation 10.
102	149	1	1	4.71157184641628E10	90.0	0.9	1.0	6.0	0.2	Generation 10.
103	150	1	1	4.84268466454712E10	180.0	0.6	1.1	7.5	0.28	Generation 10.
103	151	1	1	5.31160167769487E10	180.0	0.6	1.1	6.5	0.67	Generation 10.
104	152	1	1	4.78705219295548E10	180.0	0.6	1.0	6.5	0.25	Generation 10.
104	153	1	1	4.95789798290302E10	90.0	1.2	1.0	6.5	0.2	Generation 10.
105	154	1	1	5.48368025088593E10	90.0	0.9	0.9	7.5	0.67	Generation 10.
100	155	1	1	4.78736188512614E10	180.0	0.6	1.1	6.5	0.25	Generation 10.
105	156	1	1	4.88623347560965E10	90.0	0.9	0.8	7.5	0.25	Generation 10.
106	157	1	1	4.87970970481447E10	90.0	1.2	0.8	5.5	0.2	Generation 10.
107	158	1	1	4.89474247846378E10	90.0	0.9	0.6	7.5	0.25	Generation 10.
108	159	1	1	4.91164651011529E10	90.0	0.9	0.7	7.5	0.28	Generation 10.
108	160	1	1	4.85513108112091E10	90.0	0.9	0.4	7.5	0.2	Generation 10.
102	149	2	1	4.71157184641628E10	90.0	0.9	1.0	6.0	0.2	Minimum point.
102	161	1	1	4.71157184641628E10	90.0	0.9	1.0	6.0	0.2	Minimum point of initialization.
109	162	1	1	4.71157184641628E10	90.0	0.9	1.0	6.0	0.2	Initial point.
110	163	1	1	4.90548343866238E10	180.0	0.9	1.0	6.0	0.2	Cost not reduced at azimuth_angle+dazimuth_angle.
111	163	2	1	4.79869409560578E10	0.0	0.9	1.0	6.0	0.2	Cost not reduced at azimuth_angle-dazimuth_angle.
112	163	3	1	4.91190349707601E10	90.0	1.2	1.0	6.0	0.2	Cost not reduced at wwr_height1+dwwr_height1.
113	163	4	1	4.65639768407173E10	90.0	0.6	1.0	6.0	0.2	Cost reduced     at wwr_height1-dwwr_height1.
114	163	5	1	4.65673040573209E10	90.0	0.6	1.1	6.0	0.2	Cost not reduced at depth+ddepth.
115	163	6	1	4.65875904176673E10	90.0	0.6	0.9	6.0	0.2	Cost not reduced at depth-ddepth.
116	163	7	1	4.66735939389837E10	90.0	0.6	1.0	6.5	0.2	Cost not reduced at lbybratio_length+dlbybratio_length.
117	163	8	1	4.6523858075613E10	90.0	0.6	1.0	5.5	0.2	Cost reduced     at lbybratio_length-dlbybratio_length.
117	163	9	1	4.6523858075613E10	90.0	0.6	1.0	5.5	0.2	Global search reduced cost.
118	164	1	1	4.65754486554756E10	90.0	0.6	1.0	5.0	0.2	Cost reduced     at wwr_height1+dwwr_height1.
119	164	2	1	4.65773746167451E10	90.0	0.6	1.1	5.0	0.2	Cost not reduced at depth+ddepth.
120	164	3	1	4.65947715466185E10	90.0	0.6	0.9	5.0	0.2	Cost not reduced at depth-ddepth.
120	164	4	1	4.6523858075613E10	90.0	0.6	1.0	5.5	0.2	Cost reduced     at lbybratio_length+dlbybratio_length.
121	164	5	1	4.76616280417444E10	180.0	0.6	1.0	5.5	0.2	Cost not reduced at azimuth_angle+dazimuth_angle.
122	164	6	1	4.69696938717217E10	0.0	0.6	1.0	5.5	0.2	Cost not reduced at azimuth_angle-dazimuth_angle.
123	164	7	1	4.68136650826931E10	90.0	0.9	1.0	5.5	0.2	Cost not reduced at wwr_height1+dwwr_height1.
124	164	8	1	4.65275311334605E10	90.0	0.6	1.1	5.5	0.2	Cost not reduced at depth+ddepth.
125	164	9	1	4.6545422011401E10	90.0	0.6	0.9	5.5	0.2	Cost not reduced at depth-ddepth.
125	164	10	1	4.65639768407173E10	90.0	0.6	1.0	6.0	0.2	Cost not reduced at lbybratio_length+dlbybratio_length.
125	164	11	1	4.65754486554756E10	90.0	0.6	1.0	5.0	0.2	Cost not reduced at lbybratio_length-dlbybratio_length.
117	164	12	1	4.6523858075613E10	90.0	0.6	1.0	5.5	0.2	Iteration step did not reduce cost. Reduce step size to '0.5'.
125	165	1	1	4.6523858075613E10	90.0	0.6	1.0	5.5	0.2	Exploration base, Delta = 0.5.
126	165	2	1	4.71909064979923E10	135.0	0.6	1.0	5.5	0.2	Cost not reduced at azimuth_angle+dazimuth_angle.
127	165	3	1	4.69612353817744E10	45.0	0.6	1.0	5.5	0.2	Cost not reduced at azimuth_angle-dazimuth_angle.
128	165	4	1	4.72271159758363E10	90.0	0.75	1.0	5.5	0.2	Cost not reduced at wwr_height1+dwwr_height1.
129	165	5	1	4.65155051067714E10	90.0	0.6	1.05	5.5	0.2	Cost reduced     at depth+ddepth.
130	165	6	1	4.65250886831276E10	90.0	0.6	1.05	5.75	0.2	Cost not reduced at lbybratio_length+dlbybratio_length.
131	165	7	1	4.65287313431012E10	90.0	0.6	1.05	5.25	0.2	Cost not reduced at lbybratio_length-dlbybratio_length.
129	165	8	1	4.65155051067714E10	90.0	0.6	1.05	5.5	0.2	Global search reduced cost.
131	166	1	1	4.65275311334605E10	90.0	0.6	1.1	5.5	0.2	Exploration base, Delta = 0.5.
132	166	2	1	4.71923665923655E10	135.0	0.6	1.1	5.5	0.2	Cost not reduced at azimuth_angle+dazimuth_angle.
133	166	3	1	4.69621801773527E10	45.0	0.6	1.1	5.5	0.2	Cost not reduced at azimuth_angle-dazimuth_angle.
134	166	4	1	4.71996039029542E10	90.0	0.75	1.1	5.5	0.2	Cost not reduced at wwr_height1+dwwr_height1.
135	166	5	1	4.65205048667353E10	90.0	0.6	1.15	5.5	0.2	Cost reduced     at depth+ddepth.
136	166	6	1	4.65295666898978E10	90.0	0.6	1.15	5.75	0.2	Cost not reduced at lbybratio_length+dlbybratio_length.
137	166	7	1	4.65328780209646E10	90.0	0.6	1.15	5.25	0.2	Cost not reduced at lbybratio_length-dlbybratio_length.
138	166	8	1	4.71856450659937E10	135.0	0.6	1.05	5.5	0.2	Cost not reduced at azimuth_angle+dazimuth_angle.
139	166	9	1	4.69545274094161E10	45.0	0.6	1.05	5.5	0.2	Cost not reduced at azimuth_angle-dazimuth_angle.
140	166	10	1	4.72103642670751E10	90.0	0.75	1.05	5.5	0.2	Cost not reduced at wwr_height1+dwwr_height1.
140	166	11	1	4.65275311334605E10	90.0	0.6	1.1	5.5	0.2	Cost not reduced at depth+ddepth.
140	166	12	1	4.6523858075613E10	90.0	0.6	1.0	5.5	0.2	Cost not reduced at depth-ddepth.
140	166	13	1	4.65250886831276E10	90.0	0.6	1.05	5.75	0.2	Cost not reduced at lbybratio_length+dlbybratio_length.
140	166	14	1	4.65287313431012E10	90.0	0.6	1.05	5.25	0.2	Cost not reduced at lbybratio_length-dlbybratio_length.
129	166	15	1	4.65155051067714E10	90.0	0.6	1.05	5.5	0.2	Iteration step did not reduce cost. Reduce step size to '0.25'.
140	167	1	1	4.65155051067714E10	90.0	0.6	1.05	5.5	0.2	Exploration base, Delta = 0.25.
141	167	2	1	4.67335533562471E10	112.5	0.6	1.05	5.5	0.2	Cost not reduced at azimuth_angle+dazimuth_angle.
142	167	3	1	4.67278373241781E10	67.5	0.6	1.05	5.5	0.2	Cost not reduced at azimuth_angle-dazimuth_angle.
143	167	4	1	4.68663692506697E10	90.0	0.675	1.05	5.5	0.2	Cost not reduced at wwr_height1+dwwr_height1.
144	167	5	1	4.65314103838496E10	90.0	0.6	1.075	5.5	0.2	Cost not reduced at depth+ddepth.
145	167	6	1	4.65196558692654E10	90.0	0.6	1.025	5.5	0.2	Cost not reduced at depth-ddepth.
146	167	7	1	4.65178804234758E10	90.0	0.6	1.05	5.625	0.2	Cost not reduced at lbybratio_length+dlbybratio_length.
147	167	8	1	4.65189124735228E10	90.0	0.6	1.05	5.375	0.2	Cost not reduced at lbybratio_length-dlbybratio_length.
147	167	9	1	4.67335533562471E10	112.5	0.6	1.05	5.5	0.2	Cost not reduced at azimuth_angle+dazimuth_angle.
147	167	10	1	4.67278373241781E10	67.5	0.6	1.05	5.5	0.2	Cost not reduced at azimuth_angle-dazimuth_angle.
147	167	11	1	4.68663692506697E10	90.0	0.675	1.05	5.5	0.2	Cost not reduced at wwr_height1+dwwr_height1.
147	167	12	1	4.65314103838496E10	90.0	0.6	1.075	5.5	0.2	Cost not reduced at depth+ddepth.
147	167	13	1	4.65196558692654E10	90.0	0.6	1.025	5.5	0.2	Cost not reduced at depth-ddepth.
147	167	14	1	4.65178804234758E10	90.0	0.6	1.05	5.625	0.2	Cost not reduced at lbybratio_length+dlbybratio_length.
147	167	15	1	4.65189124735228E10	90.0	0.6	1.05	5.375	0.2	Cost not reduced at lbybratio_length-dlbybratio_length.
129	167	16	1	4.65155051067714E10	90.0	0.6	1.05	5.5	0.2	Iteration step did not reduce cost. Reduce step size to '0.125'.
147	168	1	1	4.65155051067714E10	90.0	0.6	1.05	5.5	0.2	Exploration base, Delta = 0.125.
148	168	2	1	4.65566509765008E10	101.25	0.6	1.05	5.5	0.2	Cost not reduced at azimuth_angle+dazimuth_angle.
149	168	3	1	4.65507210015787E10	78.75	0.6	1.05	5.5	0.2	Cost not reduced at azimuth_angle-dazimuth_angle.
150	168	4	1	4.66945148376726E10	90.0	0.6375	1.05	5.5	0.2	Cost not reduced at wwr_height1+dwwr_height1.
151	168	5	1	4.65134929393008E10	90.0	0.6	1.0625	5.5	0.2	Cost reduced     at depth+ddepth.
152	168	6	1	4.65141843877635E10	90.0	0.6	1.0625	5.5625	0.2	Cost not reduced at lbybratio_length+dlbybratio_length.
153	168	7	1	4.65143732643548E10	90.0	0.6	1.0625	5.4375	0.2	Cost not reduced at lbybratio_length-dlbybratio_length.
151	168	8	1	4.65134929393008E10	90.0	0.6	1.0625	5.5	0.2	Global search reduced cost.
153	169	1	1	4.65314103838496E10	90.0	0.6	1.075	5.5	0.2	Exploration base, Delta = 0.125.
154	169	2	1	4.65713563374535E10	101.25	0.6	1.075	5.5	0.2	Cost not reduced at azimuth_angle+dazimuth_angle.
155	169	3	1	4.65647612145693E10	78.75	0.6	1.075	5.5	0.2	Cost not reduced at azimuth_angle-dazimuth_angle.
156	169	4	1	4.66905484497688E10	90.0	0.6375	1.075	5.5	0.2	Cost not reduced at wwr_height1+dwwr_height1.
157	169	5	1	4.65294555098736E10	90.0	0.6	1.0875	5.5	0.2	Cost reduced     at depth+ddepth.
158	169	6	1	4.65303706298213E10	90.0	0.6	1.0875	5.5625	0.2	Cost not reduced at lbybratio_length+dlbybratio_length.
159	169	7	1	4.65300998370212E10	90.0	0.6	1.0875	5.4375	0.2	Cost not reduced at lbybratio_length-dlbybratio_length.
160	169	8	1	4.65549489073579E10	101.25	0.6	1.0625	5.5	0.2	Cost not reduced at azimuth_angle+dazimuth_angle.
161	169	9	1	4.6548013818692E10	78.75	0.6	1.0625	5.5	0.2	Cost not reduced at azimuth_angle-dazimuth_angle.
162	169	10	1	4.66925357641704E10	90.0	0.6375	1.0625	5.5	0.2	Cost not reduced at wwr_height1+dwwr_height1.
162	169	11	1	4.65314103838496E10	90.0	0.6	1.075	5.5	0.2	Cost not reduced at depth+ddepth.
162	169	12	1	4.65155051067714E10	90.0	0.6	1.05	5.5	0.2	Cost not reduced at depth-ddepth.
162	169	13	1	4.65141843877635E10	90.0	0.6	1.0625	5.5625	0.2	Cost not reduced at lbybratio_length+dlbybratio_length.
162	169	14	1	4.65143732643548E10	90.0	0.6	1.0625	5.4375	0.2	Cost not reduced at lbybratio_length-dlbybratio_length.
151	169	15	1	4.65134929393008E10	90.0	0.6	1.0625	5.5	0.2	Iteration step did not reduce cost. Reduce step size to '0.0625'.
162	170	1	1	4.65134929393008E10	90.0	0.6	1.0625	5.5	0.2	Exploration base, Delta = 0.0625.
163	170	2	1	4.65291268501572E10	95.625	0.6	1.0625	5.5	0.2	Cost not reduced at azimuth_angle+dazimuth_angle.
164	170	3	1	4.65143650427764E10	84.375	0.6	1.0625	5.5	0.2	Cost not reduced at azimuth_angle-dazimuth_angle.
165	170	4	1	4.65995007215105E10	90.0	0.61875	1.0625	5.5	0.2	Cost not reduced at wwr_height1+dwwr_height1.
166	170	5	1	4.65125065673211E10	90.0	0.6	1.06875	5.5	0.2	Cost reduced     at depth+ddepth.
167	170	6	1	4.65123287141067E10	90.0	0.6	1.06875	5.53125	0.2	Cost reduced     at lbybratio_length+dlbybratio_length.
167	170	7	1	4.65123287141067E10	90.0	0.6	1.06875	5.53125	0.2	Global search reduced cost.
168	171	1	1	4.65323672870011E10	90.0	0.6	1.075	5.5625	0.2	Exploration base, Delta = 0.0625.
169	171	2	1	4.65474150449045E10	95.625	0.6	1.075	5.5625	0.2	Cost not reduced at azimuth_angle+dazimuth_angle.
170	171	3	1	4.65293602114608E10	84.375	0.6	1.075	5.5625	0.2	Cost reduced     at azimuth_angle-dazimuth_angle.
171	171	4	1	4.65963952927262E10	84.375	0.61875	1.075	5.5625	0.2	Cost not reduced at wwr_height1+dwwr_height1.
172	171	5	1	4.65282869308513E10	84.375	0.6	1.08125	5.5625	0.2	Cost reduced     at depth+ddepth.
173	171	6	1	4.65286649482826E10	84.375	0.6	1.08125	5.59375	0.2	Cost not reduced at lbybratio_length+dlbybratio_length.
174	171	7	1	4.65286304465627E10	84.375	0.6	1.08125	5.53125	0.2	Cost not reduced at lbybratio_length-dlbybratio_length.
175	171	8	1	4.65124319524024E10	84.375	0.6	1.06875	5.53125	0.2	Cost not reduced at azimuth_angle-dazimuth_angle.
176	171	9	1	4.65289063207466E10	95.625	0.6	1.06875	5.53125	0.2	Cost not reduced at azimuth_angle+dazimuth_angle.
177	171	10	1	4.65988521285611E10	90.0	0.61875	1.06875	5.53125	0.2	Cost not reduced at wwr_height1+dwwr_height1.
178	171	11	1	4.65313956070857E10	90.0	0.6	1.075	5.53125	0.2	Cost not reduced at depth+ddepth.
179	171	12	1	4.65133322218788E10	90.0	0.6	1.0625	5.53125	0.2	Cost not reduced at depth-ddepth.
180	171	13	1	4.6513188483365E10	90.0	0.6	1.06875	5.5625	0.2	Cost not reduced at lbybratio_length+dlbybratio_length.
180	171	14	1	4.65125065673211E10	90.0	0.6	1.06875	5.5	0.2	Cost not reduced at lbybratio_length-dlbybratio_length.
167	171	15	1	4.65123287141067E10	90.0	0.6	1.06875	5.53125	0.2	Iteration step did not reduce cost. Maximum number of step reductions reached.
167	171	16	1	4.65123287141067E10	90.0	0.6	1.06875	5.53125	0.2	Minimum point.
