13463.888851
13269.444407
13102.777741
14974.999958
12972.222186
15258.333291
13283.333296
13111.111074
14791.666625
14563.888848
12980.555519
13108.333297
13272.222185
14458.333293
14663.888848
13005.555519
13288.888852
13130.555519
14430.555515
14624.999959
13061.111075
13180.555519
13333.333296
14427.777737
13077.777741
14608.333292
13241.666630
13436.111073
14899.999958
15172.222180
12938.888853
13072.222186
14466.666626
13244.444407
14677.777737
12944.444408
13227.777741
13063.888852
14347.222182
14533.333293
12966.666630
13083.333297
13238.888852
14311.111071
14486.111071
13019.444408
13127.777741
13280.555518
14297.222182
14455.555515
13058.333297
13219.444407
13413.888851
14866.666625
15127.777735
12913.888853
13044.444408
13216.666630
14419.444404
14622.222181
12913.888853
13033.333297
13194.444408
14291.666627
14469.444404
12936.111075
13047.222186
13205.555519
14252.777738
14416.666626
12986.111075
13091.666630
13244.444407
14233.333293
14380.555515
13044.444408
13202.777741
13399.999962
14841.666625
15102.777735
13022.222186
12894.444408
13197.222185
14386.111071
14586.111070
12891.666631
13008.333297
13172.222185
14427.777737
14255.555516
12911.111075
13019.444408
13180.555519
14211.111071
14369.444404
12955.555519
13058.333297
13213.888852
14186.111071
14327.777738
13197.222185
13038.888852
13394.444407
14830.555514
12886.111075
15088.888847
13013.888852
13188.888852
14372.222182
14566.666626
12880.555519
12994.444408
13161.111074
14236.111071
14405.555515
12899.999964
13008.333297
13169.444408
14194.444405
14347.222182
12944.444408
13044.444408
13199.999963
14166.666627
14305.555516
13827.777739
14161.111071
14444.444404
17166.666619
17783.333284
13713.888850
13997.222183
14244.444405
16605.555509
17124.999952
13747.222184
14008.333294
14244.444405
16463.888843
16938.888841
13791.666628
14044.444405
14272.222182
16427.777732
16883.333286
13874.999961
14119.444405
14338.888849
16422.222176
16855.555508
13797.222184
14122.222183
14405.555515
17052.777730
17647.222173
13674.999962
13947.222183
14194.444405
16455.555509
16944.444397
13702.777739
13952.777739
14186.111071
16288.888843
16733.333286
13744.444406
13983.333294
14208.333294
16238.888843
16661.111064
13822.222184
14049.999961
14269.444404
16213.888843
16613.888842
13761.111073
14077.777738
14358.333293
16927.777730
17499.999951
13627.777740
13886.111072
14133.333294
16291.666621
16749.999953
13647.222184
13883.333294
14116.666627
16099.999955
16511.111065
13686.111073
13911.111072
14133.333294
16033.333288
16419.444398
13758.333295
13972.222183
14186.111071
15991.666622
16349.999954
13733.333295
14044.444405
14324.999960
16849.999953
17408.333285
13591.666629
13844.444406
14088.888849
16188.888844
16627.777731
13605.555517
13833.333295
14066.666627
15980.555511
16369.444399
13638.888851
13855.555517
15905.555511
14080.555516
16266.666621
13708.333295
13911.111072
14127.777738
15849.999956
16180.555510
13722.222184
14033.333294
14313.888849
16830.555508
17383.333285
13574.999962
13824.999961
14074.999961
16158.333288
16591.666620
13588.888851
13813.888850
14047.222183
15947.222178
16327.777732
13619.444406
13833.333295
14061.111072
15869.444400
16224.999955
13686.111073
13886.111072
14105.555516
16130.555510
15808.333289
14163.888849
18833.333281
14877.777736
18091.666616
14577.777737
14408.333293
14058.333294
14672.222181
17477.777729
18124.999949
14099.999961
14427.777737
14674.999959
17319.444396
14466.666626
17919.444394
14152.777738
14708.333292
17277.777729
17858.333283
14249.999960
14549.999959
14783.333292
17272.222174
17824.999950
14136.111072
14536.111070
14838.888847
17972.222172
18694.444392
14019.444405
14355.555515
14619.444404
17319.444396
17938.888839
14055.555516
14366.666626
14616.666626
17138.888841
17708.333284
14105.555516
14405.555515
14644.444403
17083.333286
17627.777728
14194.444405
14480.555515
14713.888848
17058.333286
17574.999951
14097.222183
14488.888848
14788.888847
17833.333283
18530.555504
13969.444405
14291.666627
14555.555515
17133.333285
17719.444395
13999.999961
14294.444404
14541.666626
16924.999953
17455.555507
14044.444405
14324.999960
14563.888848
16852.777731
17355.555507
14127.777738
14394.444404
14624.999959
16805.555509
17274.999952
14061.111072
14441.666626
14741.666625
17713.888839
18388.888837
13919.444405
14230.555516
14491.666626
16974.999952
17530.555506
13941.666628
14224.999960
14469.444404
16741.666620
17233.333285
13983.333294
14249.999960
14486.111071
16655.555509
17116.666619
14061.111072
14311.111071
14538.888848
16586.111065
17013.888841
14044.444405
14424.999960
14724.999959
17677.777728
18344.444393
13899.999961
14208.333294
14469.444404
16924.999953
17469.444396
13919.444405
14197.222182
14444.444404
16680.555509
17163.888841
13958.333294
14219.444405
14458.333293
16591.666620
17041.666619
14033.333294
14277.777738
14508.333293
16516.666620
16927.777730
14488.888848
14974.999958
15277.777735
18847.222169
19688.888834
14386.111071
14797.222181
15066.666624
18255.555504
19030.555502
14438.888848
14822.222181
15072.222180
18086.111060
18805.555503
14497.222182
14869.444403
15111.111069
18041.666616
18736.111059
14602.777737
14961.111069
15191.666624
18036.111061
18702.777725
14458.333293
14933.333292
15238.888846
18727.777725
19547.222167
14347.222182
14747.222181
15013.888847
18097.222172
18841.666614
14394.444404
14763.888848
15013.888847
17905.555505
18588.888837
14449.999960
14805.555514
15047.222180
17847.222172
18502.777726
14549.999959
14888.888847
15122.222180
17822.222172
18447.222171
14419.444404
14883.333292
15188.888846
18580.555504
19374.999946
14294.444404
14677.777737
14947.222180
17899.999950
18608.333281
14333.333293
14686.111070
14936.111069
17677.777728
18322.222171
14386.111071
14722.222181
14963.888847
17602.777728
18216.666616
14480.555515
14799.999959
15030.555513
17555.555506
14377.777738
18130.555505
14827.777736
15133.333291
19208.333280
18441.666615
14238.888849
14608.333292
14874.999958
17711.111062
18380.555504
14269.444404
14605.555515
14855.555514
17458.333284
18058.333283
14316.666627
14633.333292
14874.999958
17366.666618
17933.333283
14402.777737
14702.777737
14933.333292
17291.666618
17819.444395
14355.555515
14802.777736
15108.333291
18377.777726
19133.333280
14211.111071
14572.222181
14838.888847
17622.222173
18274.999949
14236.111071
14563.888848
14813.888847
17355.555507
17936.111061
14280.555516
14588.888848
14830.555514
17255.555507
17797.222172
14363.888849
14652.777737
14883.333292
17169.444396
17672.222173
15088.888847
15708.333289
15983.333289
20063.888833
21138.888830
14991.666625
15516.666623
15758.333289
19477.777723
20399.999943
15058.333291
15547.222179
15769.444400
19336.111057
20205.555499
15127.777735
15599.999956
15813.888845
19308.333279
20166.666610
15249.999957
15705.555512
15905.555511
19316.666613
20152.777721
15061.111069
15666.666623
15944.444400
19947.222166
20999.999941
14952.777736
15466.666623
15708.333289
19322.222168
20216.666610
15013.888847
15488.888846
15713.888845
19158.333280
19994.444388
15080.555513
15538.888845
15752.777734
19116.666613
19938.888833
15199.999957
15636.111067
15838.888845
19105.555502
19902.777722
15019.444402
15613.888845
15894.444400
19799.999945
20824.999942
14899.999958
15397.222179
15641.666623
19122.222169
19980.555500
14952.777736
15408.333290
15636.111067
18927.777725
19722.222167
15013.888847
15452.777735
15669.444401
18869.444392
19644.444389
15127.777735
15541.666623
15747.222178
18833.333281
19577.777723
14972.222180
15552.777734
15836.111067
19647.222167
20641.666609
14838.888847
15316.666624
15563.888845
18911.111058
19730.555500
14883.333292
15319.444402
15544.444401
19430.555501
18683.333281
14938.888847
15352.777735
15572.222179
18602.777726
19327.777724
15044.444402
15436.111068
15641.666623
18538.888837
19230.555502
15519.444401
14944.444403
15799.999956
19558.333279
20538.888831
14799.999959
15269.444402
15516.666623
19583.333279
18788.888836
14838.888847
15263.888846
15491.666623
18538.888837
19261.111057
14894.444403
15294.444402
15511.111068
18447.222171
19144.444391
15369.444401
14991.666625
15574.999956
19024.999947
18366.666615
13113.888852
13272.222185
13449.999962
14894.444403
15149.999958
13369.444407
13074.999963
13208.333296
14613.888848
13133.333297
14824.999958
13258.333296
13411.111074
14577.777737
14772.222181
13188.888852
13311.111074
14588.888848
13458.333296
14774.999959
13283.333296
13399.999962
13541.666629
14636.111070
14813.888847
13080.555519
13230.555519
13411.111074
14802.777736
13033.333297
15044.444402
13316.666629
13158.333296
14686.111070
14491.666626
13086.111074
13199.999963
14436.111071
13349.999963
13136.111074
14611.111070
13247.222185
13394.444407
12911.111075
13013.888852
14438.888848
14602.777737
13055.555519
14624.999959
14472.222182
13472.222185
13380.555518
14977.777736
14744.444403
13202.777741
13119.444408
14416.666626
12999.999964
13277.777741
14599.999959
13047.222186
13158.333296
13308.333296
13202.777741
14513.888848
13097.222186
14352.777738
14349.999960
13347.222185
14497.222182
12874.999964
13424.999962
12974.999964
14374.999960
14508.333293
13044.444408
13369.444407
14713.888848
13186.111074
13261.111074
12983.333297
14941.666625
13099.999963
13133.333297
13027.777741
14377.777738
14552.777737
14308.333293
14458.333293
13074.999963
13286.111074
14438.888848
13177.777741
13324.999963
14299.999960
12852.777742
12949.999964
13397.222185
14319.444404
13036.111075
14444.444404
13180.555519
13361.111074
12974.999964
14927.777736
14702.777737
13091.666630
14530.555515
13249.999963
14361.111071
13019.444408
14288.888849
13124.999963
13274.999963
14436.111071
13066.666630
13166.666630
13313.888852
14413.888849
14277.777738
12844.444408
12936.111075
14294.444404
13383.333296
14416.666626
13886.111072
14455.555515
17063.888841
14202.777738
17630.555506
13727.777739
13977.777739
16711.111064
14408.333293
14144.444405
13916.666628
17199.999952
14216.666627
16677.777731
14041.666627
17136.111063
14258.333293
14333.333293
16702.777731
17147.222174
14224.999960
14441.666626
14508.333293
16774.999953
17205.555507
13849.999961
14155.555516
14408.333293
16933.333286
17480.555507
13691.666628
13933.333294
14344.444404
16536.111065
16997.222175
13874.999961
14091.666627
14166.666627
16474.999954
16902.777730
13997.222183
14202.777738
14277.777738
16483.333287
16894.444397
14177.777738
14380.555515
14447.222182
16536.111065
16930.555508
13802.777739
14099.999961
14352.777738
16797.222175
17319.444396
13652.777740
13880.555517
14266.666627
16349.999954
16783.333286
13827.777739
14033.333294
14108.333294
16261.111066
16655.555509
13944.444405
14138.888849
14213.888849
16252.777732
16627.777731
14119.444405
14308.333293
14374.999960
16280.555510
16266.666621
13444.444407
14055.555516
14308.333293
16697.222175
17202.777730
13616.666629
13836.111072
13911.111072
16219.444399
16624.999953
13786.111073
13980.555516
14055.555516
16111.111066
16472.222176
13899.999961
14083.333294
14158.333294
16088.888844
16430.555510
14069.444405
14247.222182
14313.888849
16102.777733
16105.555510
13430.555518
14291.666627
14038.888850
16663.888842
17161.111063
13597.222184
13816.666628
13891.666628
16172.222177
16569.444398
13763.888850
13958.333294
14033.333294
16055.555511
16408.333287
13877.777739
14058.333294
16030.555511
14133.333294
16361.111065
14047.222183
14219.444405
14286.111071
16038.888844
16016.666622
13986.111072
14344.444404
14902.777736
17980.555505
18661.111059
14197.222182
14502.777737
14869.444403
17602.777728
18222.222171
14408.333293
14677.777737
14749.999959
17572.222173
14536.111070
18155.555505
14816.666625
14872.222181
17602.777728
18169.444394
14766.666625
15022.222180
15072.222180
17686.111062
18238.888838
13958.333294
14308.333293
14855.555514
17844.444394
18524.999948
14161.111071
14455.555515
14805.555514
17422.222173
18011.111061
14366.666626
14624.999959
14694.444403
17363.888840
17913.888839
14491.666626
14758.333292
14816.666625
17377.777729
17908.333283
14716.666625
14958.333291
15008.333291
17441.666618
17952.777728
13924.999961
14263.888849
14794.444403
17691.666617
18355.555504
14116.666627
14397.222182
17216.666618
14461.111071
17772.222172
14313.888849
14558.333293
14630.555515
17124.999952
17636.111062
14686.111070
14436.111071
14744.444403
17119.444397
14655.555515
17608.333284
14880.555514
14927.777736
17155.555508
17119.444397
13891.666628
14738.888848
14224.999960
17561.111062
18202.777727
14072.222183
14341.666627
14405.555515
17036.111063
17561.111062
14263.888849
14497.222182
14566.666626
16916.666619
17391.666618
14380.555515
14619.444404
14674.999959
16891.666619
16891.666619
14594.444404
14852.777736
14805.555514
16480.555509
16913.888842
14205.555516
13877.777739
14716.666625
17508.333284
18138.888838
14049.999961
14316.666627
14380.555515
17474.999951
16963.888841
14236.111071
14463.888848
14536.111070
16836.111064
16822.222175
14355.555515
14586.111070
14638.888848
16805.555509
16802.777731
14563.888848
14769.444403
14813.888847
16397.222176
16816.666620
14388.888849
14808.333292
15313.888846
18716.666614
19486.111057
14633.333292
15005.555514
15294.444402
18397.222171
19111.111058
14913.888847
15219.444402
15238.888846
18369.444393
19063.888836
15033.333291
15327.777735
15361.111068
18405.555504
19083.333280
15208.333291
15499.999957
15524.999957
18502.777726
19158.333280
14361.111071
14772.222181
15269.444402
18599.999948
19352.777724
14597.222181
14955.555514
18219.444393
14969.444403
18905.555503
14872.222181
15163.888846
15186.111069
18163.888838
18827.777725
14988.888847
15269.444402
15305.555513
18180.555505
18827.777725
15161.111069
15436.111068
15461.111068
18880.555503
18255.555504
14324.999960
14724.999959
15208.333291
18466.666615
19194.444391
14547.222181
14894.444403
14911.111069
17999.999950
18674.999948
14816.666625
15094.444402
15113.888847
17911.111061
18536.111059
14927.777736
15194.444402
15230.555513
17908.333283
18511.111059
15094.444402
15377.777735
15352.777735
17955.555505
17897.222172
14288.888849
14677.777737
15144.444402
18319.444393
19044.444391
14499.999959
14833.333292
14849.999958
17794.444395
18433.333282
14761.111070
15022.222180
15041.666625
17669.444395
18255.555504
14866.666625
15116.666624
15152.777735
17649.999951
17633.333284
15027.777736
15266.666624
15291.666624
17136.111063
17658.333284
14269.444404
14655.555515
15113.888847
18274.999949
18972.222169
14472.222182
14799.999959
14819.444403
17694.444395
18316.666615
14730.555514
14986.111069
15005.555514
17552.777729
17544.444395
14833.333292
15077.777736
15111.111069
16994.444397
17522.222173
14991.666625
15224.999957
15247.222180
17033.333286
17538.888840
15213.888846
15688.888845
16041.666622
19905.555500
20930.555497
15413.888846
15827.777733
15797.222178
19599.999945
20488.888832
15616.666623
16005.555511
15966.666622
20441.666609
19599.999945
15761.111067
16136.111066
16097.222177
19644.444389
20469.444387
15969.444400
16336.111065
16286.111066
19752.777722
20555.555498
15652.777734
15186.111069
19797.222167
15997.222177
20772.222164
15377.777735
15780.555511
15752.777734
19430.555501
20311.111054
15952.777733
15574.999956
15916.666622
19408.333279
20236.111054
15716.666623
16077.777733
16041.666622
19438.888834
20244.444388
16272.222177
15922.222178
16224.999955
19547.222167
15147.222180
20311.111054
15602.777734
15936.111066
19655.555501
20602.777720
15327.777735
15716.666623
15691.666623
19241.666613
20058.333277
15519.444401
15877.777733
15844.444400
19183.333280
19947.222166
15655.555512
15999.999955
15963.888844
19197.222168
19941.666611
15855.555511
16188.888844
16141.666621
19261.111057
19252.777724
15105.555513
15549.999956
15869.444400
19511.111056
20430.555498
15272.222179
15644.444401
15622.222178
19044.444391
19830.555500
15455.555512
15797.222178
15766.666623
18961.111058
15588.888845
19686.111056
15913.888844
15877.777733
18955.555502
18938.888836
15780.555511
16094.444399
16047.222177
18283.333282
15080.555513
18972.222169
15519.444401
15830.555511
20336.111054
19408.333279
15238.888846
15602.777734
15580.555512
18911.111058
19702.777723
15419.444401
15749.999956
15719.444400
18813.888836
18808.333281
15547.222179
15861.111067
15827.777733
18097.222172
18794.444392
15736.111067
16038.888844
15991.666622
18149.999949
18813.888836
13030.555519
13152.777741
13311.111074
14530.555515
14730.555514
13158.333296
13269.444407
13413.888851
14505.555515
14686.111070
13305.555518
13411.111074
13549.999962
14599.999959
14774.999959
13408.333296
13513.888851
13649.999962
14683.333292
14855.555514
13261.111074
13669.444406
13805.555517
14819.444403
14988.888847
12988.888853
13102.777741
13258.333296
14608.333292
14424.999960
13205.555519
13105.555519
13344.444407
14369.444404
14530.555515
13244.444407
13341.666629
13474.999962
14447.222182
14597.222181
13027.777741
13438.888851
13569.444406
14519.444404
14666.666626
13227.777741
13311.111074
13716.666628
14644.444403
14786.111070
12938.888853
13047.222186
13199.999963
14316.666627
14486.111071
13041.666630
13133.333297
13269.444407
14230.555516
14372.222182
12866.666631
12949.999964
13388.888851
14291.666627
14422.222182
12999.999964
13080.555519
13477.777740
14355.555515
14477.777737
13197.222185
13272.222185
13327.777740
14466.666626
14583.333293
12919.444408
13019.444408
13177.777741
14252.777738
14411.111071
13013.888852
13097.222186
13236.111074
14138.888849
14263.888849
12849.999964
12930.555519
13347.222185
14180.555516
14291.666627
12983.333297
13058.333297
13116.666630
14233.333293
14030.555516
13174.999963
13247.222185
13305.555518
14166.666627
14024.999961
12911.111075
13011.111075
14391.666626
13002.777741
14238.888849
13169.444408
14238.888849
13086.111074
13224.999963
14116.666627
13336.111074
14158.333294
12841.666631
12919.444408
14263.888849
12972.222186
13044.444408
13105.555519
13233.333296
14208.333294
13163.888852
14002.777739
13291.666629
14136.111072
13997.222183
13597.222184
14330.555515
13824.999961
16527.777732
16986.111064
14008.333294
14205.555516
14552.777737
16552.777731
14299.999960
16983.333286
14483.333293
14522.222182
16713.888842
17133.333285
14486.111071
14669.444403
14699.999959
16841.666620
17261.111063
14752.777736
14963.888847
14930.555514
17047.222174
17466.666618
13797.222184
13574.999962
14272.222182
16397.222176
13977.777739
16836.111064
14166.666627
14208.333294
16386.111065
16788.888842
14436.111071
14266.666627
16524.999954
14480.555515
14449.999960
16913.888842
14622.222181
14652.777737
17024.999952
16638.888842
14874.999958
14711.111070
14911.111069
17211.111063
16827.777731
13549.999962
14197.222182
13763.888850
16247.222177
16658.333287
14166.666627
13941.666628
14122.222183
16191.666621
14224.999960
16558.333287
14386.111071
16655.555509
16302.777732
14402.777737
14427.777737
16402.777732
14594.444404
16749.999953
14563.888848
14813.888847
16572.222176
14661.111070
14847.222181
13524.999962
13733.333295
13797.222184
16911.111064
16102.777733
16491.666620
13908.333294
14080.555516
14183.333294
16005.555511
16341.666621
14124.999960
16088.888844
16408.333287
14338.888849
14380.555515
14513.888848
14361.111071
14544.444404
16174.999955
16486.111065
14613.888848
14755.555514
14788.888847
13716.666628
16327.777732
16327.777732
13511.111073
13891.666628
13783.333295
16397.222176
16022.222177
14102.777738
15938.888844
14058.333294
15899.999955
14355.555515
14313.888849
15702.777734
14163.888849
16024.999955
14516.666626
14486.111071
14338.888849
14588.888848
15805.555511
16136.111066
14724.999959
16249.999955
14102.777738
14761.111070
15949.999955
14377.777738
17366.666618
14786.111070
17947.222172
14788.888847
14552.777737
14808.333292
17422.222173
15122.222180
17966.666616
14877.777736
15091.666624
18147.222171
15094.444402
17608.333284
15324.999957
15386.111068
15305.555513
18294.444393
17758.333284
17994.444394
15594.444401
18533.333281
15574.999956
14080.555516
14730.555514
17236.111063
14349.999960
14749.999959
14772.222181
17794.444395
14522.222182
15044.444402
14841.666625
17255.555507
17769.444395
17924.999950
15055.555513
15077.777736
17419.444396
17555.555506
15274.999957
15258.333291
18055.555505
15341.666624
15541.666623
17774.999950
15522.222179
18272.222171
14311.111071
14052.777738
14347.222182
14483.333293
17605.555506
14699.999959
17077.777730
14794.444403
14722.222181
17527.777729
17047.222174
15019.444402
14983.333291
17649.999951
17186.111063
15211.111069
15005.555514
15197.222180
17305.555507
17761.111061
15452.777735
15288.888846
15472.222179
17502.777729
14274.999960
14022.222183
17952.777728
14311.111071
16916.666619
17416.666618
14441.666626
14672.222181
14649.999959
16836.111064
17283.333285
14749.999959
14961.111069
14924.999958
16947.222175
16983.333286
14952.777736
15147.222180
15136.111069
17049.999952
17061.111063
15233.333291
15405.555512
15383.333290
16791.666620
17191.666619
14005.555516
14255.555516
14291.666627
16824.999953
17311.111063
14419.444404
14624.999959
14647.222181
16719.444398
14722.222181
16824.999953
14899.999958
14930.555514
16899.999953
16811.111064
14924.999958
15113.888847
15102.777735
16552.777731
16972.222175
15202.777735
15369.444401
15347.222179
16708.333287
17094.444397
14561.111070
14874.999958
15211.111069
18111.111060
18802.777725
15066.666624
15355.555513
15297.222179
18197.222171
18852.777725
15444.444401
15699.999956
15663.888845
18411.111060
19049.999947
15630.555512
15880.555511
15849.999956
18577.777726
19172.222169
15897.222178
16141.666621
16108.333288
18805.555503
14536.111070
19386.111057
14844.444403
15155.555513
17986.111061
18652.777726
15033.333291
15313.888846
15261.111068
18030.555505
18658.333281
15408.333290
15655.555512
15616.666623
18224.999949
18838.888836
15591.666623
15830.555511
15802.777734
18377.777726
18986.111058
15855.555511
16088.888844
16055.555511
18611.111059
19152.777724
14505.555515
14805.555514
14805.555514
17822.222172
18463.888837
14991.666625
15261.111068
15208.333291
17819.444395
18408.333282
15361.111068
15594.444401
15558.333290
17983.333283
18555.555504
15541.666623
15766.666623
15738.888845
18119.444394
18686.111059
15799.999956
16016.666622
15986.111066
18344.444393
18899.999947
14472.222182
14763.888848
14766.666625
17652.777728
18261.111060
14947.222180
15202.777735
15152.777735
17597.222173
18144.444394
15311.111068
15530.555512
15494.444401
17730.555506
17730.555506
15486.111068
15697.222178
15666.666623
17847.222172
17816.666617
15738.888845
15941.666622
15908.333289
17483.333284
17969.444394
14452.777737
14741.666625
14744.444403
17549.999951
18141.666616
14919.444403
15172.222180
15122.222180
17466.666618
17566.666617
15280.555513
15494.444401
15458.333290
17133.333285
17636.111062
15452.777735
15658.333289
15627.777734
17227.777730
17713.888839
15708.333289
15899.999955
15866.666622
17386.111062
17855.555506
15402.777735
15861.111067
15683.333289
19352.777724
20224.999943
15955.555511
16291.666621
16180.555510
19441.666612
20252.777721
16308.333288
16627.777731
16502.777732
19652.777723
20416.666610
16530.555509
16841.666620
16713.888842
19805.555500
20572.222165
16852.777731
17152.777730
17019.444397
20063.888833
20824.999942
15380.555512
15830.555511
15655.555512
19233.333279
20105.555499
15924.999955
16252.777732
16144.444399
19324.999946
20077.777722
16272.222177
16583.333287
16461.111065
19508.333279
20244.444388
16491.666620
16791.666620
16666.666620
19658.333278
20388.888832
16811.111064
17099.999952
16966.666619
19891.666611
20619.444387
15347.222179
15788.888845
15616.666623
19072.222169
19916.666611
15883.333289
16197.222177
16091.666622
19133.333280
19883.333278
16224.999955
16519.444398
16399.999954
19294.444390
19999.999944
16438.888843
16724.999953
16602.777731
19430.555501
20119.444388
16752.777731
17027.777730
16897.222175
19647.222167
20333.333276
15308.333290
15741.666623
15572.222179
18894.444392
19705.555500
15833.333289
16136.111066
16030.555511
18899.999947
19647.222167
16169.444399
16449.999954
16330.555510
19072.222169
19755.555500
16380.555510
16649.999953
16527.777732
19186.111057
19863.888833
16688.888842
16944.444397
16813.888842
19383.333279
20019.444388
15286.111068
15713.888845
15544.444401
18783.333281
19572.222167
15802.777734
16097.222177
15991.666622
18752.777725
18813.888836
16133.333288
16405.555510
16286.111066
18913.888836
18911.111058
16341.666621
16602.777731
16480.555509
18369.444393
19016.666613
16647.222176
16894.444397
16763.888842
18563.888837
19194.444391
13183.333296
13330.555518
13491.666629
14869.444403
15099.999958
13236.111074
13363.888851
13508.333296
14702.777737
14899.999958
13347.222185
13466.666629
13605.555517
14727.777737
14911.111069
13430.555518
13547.222184
13683.333295
14774.999959
14952.777736
13563.888851
13677.777739
13808.333295
14866.666625
15038.888847
13152.777741
13297.222185
13455.555518
14794.444403
15011.111069
13197.222185
13316.666629
13458.333296
14602.777737
14783.333292
13302.777741
13413.888851
13549.999962
14613.888848
14783.333292
13383.333296
13491.666629
13624.999962
14655.555515
14813.888847
13511.111073
13616.666629
13747.222184
14738.888848
14888.888847
13119.444408
13258.333296
13413.888851
14716.666625
14924.999958
13149.999963
13266.666630
13405.555518
14499.999959
14666.666626
13249.999963
13355.555518
13488.888851
14499.999959
14649.999959
13327.777740
13427.777740
13558.333295
14530.555515
14674.999959
13452.777740
13549.999962
13674.999962
14605.555515
14738.888848
13108.333297
13244.444407
13402.777740
14691.666626
14891.666625
13136.111074
13247.222185
13386.111074
14458.333293
14613.888848
13230.555519
13330.555518
13463.888851
14444.444404
14583.333293
13305.555518
13402.777740
13530.555518
14469.444404
14597.222181
13427.777740
13516.666629
13641.666628
14530.555515
14647.222181
13102.777741
13238.888852
13397.222185
14683.333292
14880.555514
13130.555519
13238.888852
13380.555518
14447.222182
14599.999959
13224.999963
13324.999963
13458.333296
14430.555515
14566.666626
13299.999963
13394.444407
13524.999962
14455.555515
14580.555515
13419.444407
13511.111073
13636.111073
14513.888848
14627.777737
14049.999961
14347.222182
14561.111070
16991.666619
17502.777729
14222.222182
14480.555515
14666.666626
16797.222175
17249.999952
14416.666626
14661.111070
14833.333292
16847.222175
17277.777729
14549.999959
14788.888847
14955.555514
16919.444397
17341.666618
14755.555514
14988.888847
15147.222180
17055.555508
17466.666618
14016.666627
14305.555516
14519.444404
16899.999953
17394.444396
14180.555516
14430.555515
14613.888848
16677.777731
17108.333285
14366.666626
14602.777737
14774.999959
16713.888842
17119.444397
14499.999959
14727.777737
14894.444403
16774.999953
17169.444396
14702.777737
14919.444403
15080.555513
16897.222175
17280.555507
13633.333295
13949.999961
14472.222182
16797.222175
17272.222174
13786.111073
14052.777738
14549.999959
16541.666620
16947.222175
13977.777739
14224.999960
14699.999959
16558.333287
16936.111064
14113.888849
14355.555515
14816.666625
16608.333287
16974.999952
14336.111071
14558.333293
14994.444402
16716.666620
17069.444397
13622.222184
13933.333294
14419.444404
16697.222175
16791.666620
13769.444406
14030.555516
14480.555515
16411.111065
16794.444397
13958.333294
14199.999960
14622.222181
16408.333287
16761.111064
14094.444405
14327.777738
14733.333292
16449.999954
16788.888842
14313.888849
14530.555515
14597.222181
16544.444398
16866.666619
13616.666629
13927.777739
14388.888849
16641.666620
16766.666620
13763.888850
14019.444405
14122.222183
16336.111065
16424.999954
13949.999961
14188.888849
14274.999960
16322.222177
16380.555510
14086.111072
14313.888849
14391.666626
16358.333288
16683.333287
14299.999960
14516.666626
14583.333293
16447.222176
16752.777731
14183.333294
14558.333293
15038.888847
17880.555505
18519.444393
14408.333293
14713.888848
15186.111069
17680.555506
18252.777727
14644.444403
14919.444403
15383.333290
17747.222173
18291.666615
14805.555514
15072.222180
15527.777734
17827.777728
18363.888837
15049.999958
15305.555513
15749.999956
17983.333283
18499.999948
14169.444405
14541.666626
14999.999958
17788.888839
18411.111060
14388.888849
14691.666626
15136.111069
17561.111062
18108.333283
14622.222181
14891.666625
15327.777735
17608.333284
18127.777727
14786.111070
15044.444402
15466.666623
17683.333284
18188.888838
15027.777736
15272.222179
15683.333289
17824.999950
18316.666615
14155.555516
14522.222182
14949.999958
17680.555506
17699.999950
14369.444404
14663.888848
15069.444402
17416.666618
17938.888839
14599.999959
14863.888847
15252.777735
17444.444396
17936.111061
14761.111070
15011.111069
15386.111068
17505.555507
17980.555505
14999.999958
15236.111068
15594.444401
17633.333284
18091.666616
14141.666627
14502.777737
14619.444404
17572.222173
17644.444395
14349.999960
14638.888848
14719.444403
17274.999952
17297.222174
14577.777737
14833.333292
14897.222181
17280.555507
17741.666617
14733.333292
14977.777736
15027.777736
17330.555507
17774.999950
14972.222180
15199.999957
15238.888846
17441.666618
17866.666617
14133.333294
14491.666626
14611.111070
17622.222173
17024.999952
14338.888849
14627.777737
14708.333292
17191.666619
17261.111063
14563.888848
14819.444403
14883.333292
17186.111063
17219.444396
14722.222181
14961.111069
15013.888847
17230.555507
17233.333285
14958.333291
15183.333291
15222.222180
17333.333285
17294.444396
14661.111070
15077.777736
15483.333290
18669.444392
19399.999946
14927.777736
15272.222179
15669.444401
18472.222171
19133.333280
15194.444402
15505.555512
15897.222178
18544.444393
19127.777724
15377.777735
15672.222178
16058.333288
18619.444392
19191.666613
15644.444401
15922.222178
16305.555510
18752.777725
19316.666613
14647.222181
15061.111069
15444.444401
18577.777726
19319.444390
14911.111069
15247.222180
15619.444401
18352.777726
19002.777725
15174.999958
15477.777734
15841.666622
18411.111060
19013.888836
15355.555513
15641.666623
15999.999955
18488.888837
19061.111058
15622.222178
15891.666622
16241.666621
18616.666615
19152.777724
14630.555515
15038.888847
15119.444402
18466.666615
18480.555504
14888.888847
15219.444402
15258.333291
18205.555505
18836.111058
15149.999958
15444.444401
15766.666623
18244.444393
18841.666614
15327.777735
15605.555512
15919.444400
18316.666615
18888.888836
15591.666623
15849.999956
16152.777733
18455.555504
18988.888836
14613.888848
15016.666625
15099.999958
18355.555504
18416.666615
14866.666625
15188.888846
15233.333291
18052.777727
18047.222172
15122.222180
15411.111068
15436.111068
18072.222172
18636.111059
15297.222179
15569.444401
15586.111067
18130.555505
18674.999948
15558.333290
15811.111067
15813.888845
18255.555504
18780.555503
14605.555515
15005.555514
15091.666624
17686.111062
18386.111060
14855.555514
15174.999958
15219.444402
17966.666616
18002.777727
15108.333291
15394.444401
15419.444401
17969.444394
17958.333283
15283.333291
15549.999956
15569.444401
17974.999950
18022.222172
15541.666623
15788.888845
15794.444400
18138.888838
18644.444392
15505.555512
16008.333289
16091.666622
19838.888833
20755.555497
15866.666622
16355.555510
16527.777732
19666.666612
20480.555498
16197.222177
16611.111065
16805.555509
19722.222167
20516.666609
16469.444398
16788.888842
16999.999952
19813.888833
20563.888831
16744.444398
17055.555508
17291.666618
19977.777722
20716.666609
15491.666623
16072.222177
15991.666622
19783.333278
20674.999942
15847.222178
16333.333288
16205.555510
19566.666612
20349.999943
16174.999955
16583.333287
16752.777731
19622.222167
20377.777721
16447.222176
16758.333286
16630.555509
19705.555500
20433.333276
16719.444398
17022.222175
16877.777731
19863.888833
20572.222165
15472.222179
16049.999955
15969.444400
19702.777723
19811.111056
15822.222178
16299.999954
16177.777732
19458.333279
20219.444388
16147.222177
16544.444398
16419.444398
19483.333279
20224.999943
16416.666621
16719.444398
16594.444398
19552.777723
20280.555499
16686.111064
16977.777730
16838.888842
19691.666612
20369.444387
15452.777735
16024.999955
15947.222178
19602.777723
19738.888834
15797.222178
16266.666621
16149.999955
19324.999946
20094.444388
16116.666622
16508.333287
16386.111065
19355.555501
20052.777722
16386.111065
16677.777731
16558.333287
19419.444390
20088.888833
16652.777731
16933.333286
16797.222175
19522.222168
20194.444388
15441.666623
16011.111066
15936.111066
19561.111056
19699.999945
15780.555511
16247.222177
16133.333288
19269.444390
19286.111057
16099.999955
16486.111065
16366.666621
19258.333279
19966.666611
16366.666621
16652.777731
16536.111065
19316.666613
19974.999944
16630.555509
16905.555508
16772.222175
19436.111057
20061.111055
13249.999963
13416.666629
13605.555517
15083.333291
13161.111074
15361.111068
13297.222185
13463.888851
14922.222180
14699.999959
13197.222185
13322.222185
14613.888848
13477.777740
14811.111070
13241.666630
13358.333296
13511.111073
14599.999959
14783.333292
13322.222185
13433.333296
13577.777740
14611.111070
14780.555514
13247.222185
13408.333296
13602.777740
15069.444402
15341.666624
13155.555519
13288.888852
13458.333296
14680.555514
14894.444403
13191.666630
13311.111074
13472.222185
14591.666626
14780.555514
13233.333296
13349.999963
13502.777740
14574.999959
14749.999959
13313.888852
13422.222185
13569.444406
14583.333293
14747.222181
13241.666630
13405.555518
13597.222184
15058.333291
15324.999957
13152.777741
13283.333296
13452.777740
14663.888848
14872.222181
13186.111074
13305.555518
13466.666629
14572.222181
14752.777736
13227.777741
13341.666629
13497.222184
14552.777737
14722.222181
13305.555518
13413.888851
13563.888851
14561.111070
14713.888848
13241.666630
13402.777740
13597.222184
15047.222180
15313.888846
13149.999963
13280.555518
13452.777740
14652.777737
14855.555514
13186.111074
13302.777741
13463.888851
14558.333293
14736.111070
13227.777741
13338.888852
13494.444407
14538.888848
14702.777737
13305.555518
13408.333296
13561.111073
14544.444404
14691.666626
13241.666630
13402.777740
13597.222184
15044.444402
15308.333290
13149.999963
13280.555518
13452.777740
14647.222181
14847.222181
13183.333296
13299.999963
13463.888851
14549.999959
14724.999959
13224.999963
13336.111074
13494.444407
14691.666626
14530.555515
13302.777741
13405.555518
13558.333295
14533.333293
14680.555514
14111.111072
14430.555515
14694.444403
17266.666618
17855.555506
14074.999961
14341.666627
14563.888848
16727.777731
14161.111071
17213.888841
14402.777737
16599.999954
14608.333292
17041.666619
14238.888849
14466.666626
16572.222176
14663.888848
16991.666619
14769.444403
14363.888849
14580.555515
16577.777731
16972.222175
14102.777738
14419.444404
14686.111070
17236.111063
14066.666627
17816.666617
14327.777738
17158.333285
14555.555515
16688.888842
14149.999960
14597.222181
14386.111071
16552.777731
16974.999952
14224.999960
14449.999960
14652.777737
16519.444398
16919.444397
14352.777738
14563.888848
14755.555514
16524.999954
16894.444397
14097.222183
14413.888849
14683.333292
17213.888841
17786.111061
14316.666627
14058.333294
14549.999959
16658.333287
14141.666627
17119.444397
14374.999960
14588.888848
16930.555508
16519.444398
14216.666627
14438.888848
16486.111065
14644.444403
16872.222175
14341.666627
14549.999959
14747.222181
16486.111065
14094.444405
16841.666620
14405.555515
14677.777737
14052.777738
17197.222174
17763.888839
14308.333293
14544.444404
16636.111065
17088.888841
14133.333294
14366.666626
14583.333293
16491.666620
16894.444397
14208.333294
14427.777737
14636.111070
16455.555509
14333.333293
16830.555508
14538.888848
14738.888848
16452.777732
16797.222175
14091.666627
14402.777737
17188.888841
14674.999959
17752.777728
14049.999961
14302.777738
14538.888848
16622.222176
17069.444397
14130.555516
14358.333293
14580.555515
16477.777732
16872.222175
14205.555516
14422.222182
14633.333292
16438.888843
16808.333286
14327.777738
14533.333293
14733.333292
16433.333287
16772.222175
14516.666626
14908.333292
15180.555513
18183.333282
18911.111058
14508.333293
14830.555514
15061.111069
17588.888840
14908.333292
18197.222171
14616.666626
15119.444402
17999.999950
14705.555514
17444.444396
14986.111069
15183.333291
17411.111062
17938.888839
14855.555514
15116.666624
15305.555513
17419.444396
17916.666617
14508.333293
14897.222181
15174.999958
18147.222171
18872.222169
14497.222182
14816.666625
15049.999958
17541.666618
18133.333283
14602.777737
14891.666625
15105.555513
17388.888840
17924.999950
14694.444403
14966.666625
15172.222180
17349.999951
17858.333283
14841.666625
15099.999958
15291.666624
17349.999951
14502.777737
17824.999950
14888.888847
15166.666624
18122.222171
18836.111058
14488.888848
15041.666625
14805.555514
17508.333284
18083.333283
14594.444404
14877.777736
15097.222180
17349.999951
17866.666617
14683.333292
14952.777736
15161.111069
17308.333285
17797.222172
14830.555514
15083.333291
15280.555513
17305.555507
17758.333284
14497.222182
14880.555514
15161.111069
18102.777727
18811.111058
14794.444403
14483.333293
15036.111069
17480.555507
18047.222172
14586.111070
14866.666625
15088.888847
17316.666618
17824.999950
14672.222181
14938.888847
15152.777735
17274.999952
17752.777728
14819.444403
15069.444402
17266.666618
15269.444402
17708.333284
14494.444404
14877.777736
15161.111069
18094.444394
18797.222170
14477.777737
14788.888847
15033.333291
17466.666618
18027.777727
14580.555515
14861.111070
15083.333291
17299.999952
17802.777728
14933.333292
14669.444403
15147.222180
17255.555507
17727.777728
14813.888847
15061.111069
15263.888846
17247.222174
17680.555506
14908.333292
15366.666624
15633.333290
18930.555503
14924.999958
19747.222167
15299.999957
15522.222179
18358.333282
19077.777724
15049.999958
15391.666624
15591.666623
18199.999949
18858.333281
15155.555513
15477.777734
15666.666623
18163.888838
18791.666614
15324.999957
15627.777734
15799.999956
18169.444394
18761.111059
14899.999958
15355.555513
15624.999956
18902.777725
19711.111056
14913.888847
15511.111068
15283.333291
18308.333282
19013.888836
15038.888847
15374.999957
15577.777734
18141.666616
18780.555503
15141.666624
15461.111068
15652.777734
18097.222172
18708.333281
15311.111068
15608.333290
15786.111067
18094.444394
18666.666614
14894.444403
15347.222179
15619.444401
18902.777725
19677.777723
14902.777736
15272.222179
15499.999957
18266.666616
18952.777725
15027.777736
15358.333290
15569.444401
18091.666616
18711.111059
15130.555513
15444.444401
15641.666623
18047.222172
18633.333281
15297.222179
15591.666623
15774.999956
18038.888838
18586.111059
14888.888847
15338.888846
15613.888845
18883.333280
19649.999945
14894.444403
15258.333291
15491.666623
18236.111060
18913.888836
15016.666625
15344.444401
15558.333290
18058.333283
18663.888837
15119.444402
15430.555512
15630.555512
18008.333283
18580.555504
15286.111068
15574.999956
15763.888845
17997.222172
18527.777726
14883.333292
15333.333290
15611.111067
18872.222169
19636.111056
14888.888847
15252.777735
15488.888846
18219.444393
18891.666614
15011.111069
15338.888846
15552.777734
18038.888838
18638.888837
15113.888847
15422.222179
15627.777734
18552.777726
17988.888839
15277.777735
15566.666623
15758.333289
17974.999950
18497.222170
15644.444401
16222.222177
16436.111065
20152.777721
21163.888830
15699.999956
16169.444399
16338.888843
20436.111054
19588.888834
15861.111067
16286.111066
16430.555510
20241.666610
19466.666612
15988.888844
16519.444398
16391.666621
19427.777723
20186.111055
16191.666621
16677.777731
16569.444398
19427.777723
20174.999944
16211.111066
15638.888845
16430.555510
15688.888845
20124.999944
21127.777719
16155.555510
19547.222167
16327.777732
20388.888832
15849.999956
16269.444399
16416.666621
19411.111057
20180.555499
15974.999955
16374.999954
16505.555509
19361.111057
16177.777732
20127.777721
16549.999954
16663.888842
20102.777721
19352.777724
15630.555512
16199.999955
16422.222176
20097.222166
21091.666608
15677.777734
16141.666621
16316.666621
19516.666612
20336.111054
15836.111067
16252.777732
16405.555510
19349.999946
20127.777721
15961.111066
16355.555510
16494.444398
19294.444390
20058.333277
16163.888844
16530.555509
16649.999953
19277.777724
19999.999944
15622.222178
16191.666621
16413.888843
20074.999944
21061.111052
15666.666623
16127.777733
16308.333288
19502.777723
15824.999956
20311.111054
16236.111066
16394.444399
19308.333279
20094.444388
15949.999955
16338.888843
16483.333287
19249.999946
19999.999944
16149.999955
16511.111065
16638.888842
19233.333279
19930.555500
15619.444401
16186.111066
16411.111065
20063.888833
21044.444386
15661.111067
16302.777732
16119.444399
19486.111057
20288.888832
16227.777732
15819.444400
16388.888843
19288.888835
15941.666622
20066.666610
16474.999954
16327.777732
19227.777724
19969.444389
16499.999954
16141.666621
16630.555509
19205.555502
19894.444389
