0 20 0.3 0.6 0.2 1.5 0.35 
0 20 0.3 0.6 0.25 1.5 0.5 
0 20 0.3 0.6 0.28 3.72 0.27 
0 20 0.3 0.6 0.67 5.7 0.67 
0 20 0.3 0.6 0.85 3.3 0.85 
0 20 0.3 1.0 0.2 1.5 0.35 
0 20 0.3 1.0 0.25 1.5 0.5 
0 20 0.3 1.0 0.28 3.72 0.27 
0 20 0.3 1.0 0.67 5.7 0.67 
0 20 0.3 1.0 0.85 3.3 0.85 
0 20 0.3 1.3 0.2 1.5 0.35 
0 20 0.3 1.3 0.25 1.5 0.5 
0 20 0.3 1.3 0.28 3.72 0.27 
0 20 0.3 1.3 0.67 5.7 0.67 
0 20 0.3 1.3 0.85 3.3 0.85 
0 20 0.3 1.5 0.2 1.5 0.35 
0 20 0.3 1.5 0.25 1.5 0.5 
0 20 0.3 1.5 0.28 3.72 0.27 
0 20 0.3 1.5 0.67 5.7 0.67 
0 20 0.3 1.5 0.85 3.3 0.85 
0 20 0.3 1.8 0.2 1.5 0.35 
0 20 0.3 1.8 0.25 1.5 0.5 
0 20 0.3 1.8 0.28 3.72 0.27 
0 20 0.3 1.8 0.67 5.7 0.67 
0 20 0.3 1.8 0.85 3.3 0.85 
0 20 0.5 0.6 0.2 1.5 0.35 
0 20 0.5 0.6 0.25 1.5 0.5 
0 20 0.5 0.6 0.28 3.72 0.27 
0 20 0.5 0.6 0.67 5.7 0.67 
0 20 0.5 0.6 0.85 3.3 0.85 
0 20 0.5 1.0 0.2 1.5 0.35 
0 20 0.5 1.0 0.25 1.5 0.5 
0 20 0.5 1.0 0.28 3.72 0.27 
0 20 0.5 1.0 0.67 5.7 0.67 
0 20 0.5 1.0 0.85 3.3 0.85 
0 20 0.5 1.3 0.2 1.5 0.35 
0 20 0.5 1.3 0.25 1.5 0.5 
0 20 0.5 1.3 0.28 3.72 0.27 
0 20 0.5 1.3 0.67 5.7 0.67 
0 20 0.5 1.3 0.85 3.3 0.85 
0 20 0.5 1.5 0.2 1.5 0.35 
0 20 0.5 1.5 0.25 1.5 0.5 
0 20 0.5 1.5 0.28 3.72 0.27 
0 20 0.5 1.5 0.67 5.7 0.67 
0 20 0.5 1.5 0.85 3.3 0.85 
0 20 0.5 1.8 0.2 1.5 0.35 
0 20 0.5 1.8 0.25 1.5 0.5 
0 20 0.5 1.8 0.28 3.72 0.27 
0 20 0.5 1.8 0.67 5.7 0.67 
0 20 0.5 1.8 0.85 3.3 0.85 
0 20 0.8 0.6 0.2 1.5 0.35 
0 20 0.8 0.6 0.25 1.5 0.5 
0 20 0.8 0.6 0.28 3.72 0.27 
0 20 0.8 0.6 0.67 5.7 0.67 
0 20 0.8 0.6 0.85 3.3 0.85 
0 20 0.8 1.0 0.2 1.5 0.35 
0 20 0.8 1.0 0.25 1.5 0.5 
0 20 0.8 1.0 0.28 3.72 0.27 
0 20 0.8 1.0 0.67 5.7 0.67 
0 20 0.8 1.0 0.85 3.3 0.85 
0 20 0.8 1.3 0.2 1.5 0.35 
0 20 0.8 1.3 0.25 1.5 0.5 
0 20 0.8 1.3 0.28 3.72 0.27 
0 20 0.8 1.3 0.67 5.7 0.67 
0 20 0.8 1.3 0.85 3.3 0.85 
0 20 0.8 1.5 0.2 1.5 0.35 
0 20 0.8 1.5 0.25 1.5 0.5 
0 20 0.8 1.5 0.28 3.72 0.27 
0 20 0.8 1.5 0.67 5.7 0.67 
0 20 0.8 1.5 0.85 3.3 0.85 
0 20 0.8 1.8 0.2 1.5 0.35 
0 20 0.8 1.8 0.25 1.5 0.5 
0 20 0.8 1.8 0.28 3.72 0.27 
0 20 0.8 1.8 0.67 5.7 0.67 
0 20 0.8 1.8 0.85 3.3 0.85 
0 20 1.2 0.6 0.2 1.5 0.35 
0 20 1.2 0.6 0.25 1.5 0.5 
0 20 1.2 0.6 0.28 3.72 0.27 
0 20 1.2 0.6 0.67 5.7 0.67 
0 20 1.2 0.6 0.85 3.3 0.85 
0 20 1.2 1.0 0.2 1.5 0.35 
0 20 1.2 1.0 0.25 1.5 0.5 
0 20 1.2 1.0 0.28 3.72 0.27 
0 20 1.2 1.0 0.67 5.7 0.67 
0 20 1.2 1.0 0.85 3.3 0.85 
0 20 1.2 1.3 0.2 1.5 0.35 
0 20 1.2 1.3 0.25 1.5 0.5 
0 20 1.2 1.3 0.28 3.72 0.27 
0 20 1.2 1.3 0.67 5.7 0.67 
0 20 1.2 1.3 0.85 3.3 0.85 
0 20 1.2 1.5 0.2 1.5 0.35 
0 20 1.2 1.5 0.25 1.5 0.5 
0 20 1.2 1.5 0.28 3.72 0.27 
0 20 1.2 1.5 0.67 5.7 0.67 
0 20 1.2 1.5 0.85 3.3 0.85 
0 20 1.2 1.8 0.2 1.5 0.35 
0 20 1.2 1.8 0.25 1.5 0.5 
0 20 1.2 1.8 0.28 3.72 0.27 
0 20 1.2 1.8 0.67 5.7 0.67 
0 20 1.2 1.8 0.85 3.3 0.85 
0 20 1.5 0.6 0.2 1.5 0.35 
0 20 1.5 0.6 0.25 1.5 0.5 
0 20 1.5 0.6 0.28 3.72 0.27 
0 20 1.5 0.6 0.67 5.7 0.67 
0 20 1.5 0.6 0.85 3.3 0.85 
0 20 1.5 1.0 0.2 1.5 0.35 
0 20 1.5 1.0 0.25 1.5 0.5 
0 20 1.5 1.0 0.28 3.72 0.27 
0 20 1.5 1.0 0.67 5.7 0.67 
0 20 1.5 1.0 0.85 3.3 0.85 
0 20 1.5 1.3 0.2 1.5 0.35 
0 20 1.5 1.3 0.25 1.5 0.5 
0 20 1.5 1.3 0.28 3.72 0.27 
0 20 1.5 1.3 0.67 5.7 0.67 
0 20 1.5 1.3 0.85 3.3 0.85 
0 20 1.5 1.5 0.2 1.5 0.35 
0 20 1.5 1.5 0.25 1.5 0.5 
0 20 1.5 1.5 0.28 3.72 0.27 
0 20 1.5 1.5 0.67 5.7 0.67 
0 20 1.5 1.5 0.85 3.3 0.85 
0 20 1.5 1.8 0.2 1.5 0.35 
0 20 1.5 1.8 0.25 1.5 0.5 
0 20 1.5 1.8 0.28 3.72 0.27 
0 20 1.5 1.8 0.67 5.7 0.67 
0 20 1.5 1.8 0.85 3.3 0.85 
0 40 0.3 0.6 0.2 1.5 0.35 
0 40 0.3 0.6 0.25 1.5 0.5 
0 40 0.3 0.6 0.28 3.72 0.27 
0 40 0.3 0.6 0.67 5.7 0.67 
0 40 0.3 0.6 0.85 3.3 0.85 
0 40 0.3 1.0 0.2 1.5 0.35 
0 40 0.3 1.0 0.25 1.5 0.5 
0 40 0.3 1.0 0.28 3.72 0.27 
0 40 0.3 1.0 0.67 5.7 0.67 
0 40 0.3 1.0 0.85 3.3 0.85 
0 40 0.3 1.3 0.2 1.5 0.35 
0 40 0.3 1.3 0.25 1.5 0.5 
0 40 0.3 1.3 0.28 3.72 0.27 
0 40 0.3 1.3 0.67 5.7 0.67 
0 40 0.3 1.3 0.85 3.3 0.85 
0 40 0.3 1.5 0.2 1.5 0.35 
0 40 0.3 1.5 0.25 1.5 0.5 
0 40 0.3 1.5 0.28 3.72 0.27 
0 40 0.3 1.5 0.67 5.7 0.67 
0 40 0.3 1.5 0.85 3.3 0.85 
0 40 0.3 1.8 0.2 1.5 0.35 
0 40 0.3 1.8 0.25 1.5 0.5 
0 40 0.3 1.8 0.28 3.72 0.27 
0 40 0.3 1.8 0.67 5.7 0.67 
0 40 0.3 1.8 0.85 3.3 0.85 
0 40 0.5 0.6 0.2 1.5 0.35 
0 40 0.5 0.6 0.25 1.5 0.5 
0 40 0.5 0.6 0.28 3.72 0.27 
0 40 0.5 0.6 0.67 5.7 0.67 
0 40 0.5 0.6 0.85 3.3 0.85 
0 40 0.5 1.0 0.2 1.5 0.35 
0 40 0.5 1.0 0.25 1.5 0.5 
0 40 0.5 1.0 0.28 3.72 0.27 
0 40 0.5 1.0 0.67 5.7 0.67 
0 40 0.5 1.0 0.85 3.3 0.85 
0 40 0.5 1.3 0.2 1.5 0.35 
0 40 0.5 1.3 0.25 1.5 0.5 
0 40 0.5 1.3 0.28 3.72 0.27 
0 40 0.5 1.3 0.67 5.7 0.67 
0 40 0.5 1.3 0.85 3.3 0.85 
0 40 0.5 1.5 0.2 1.5 0.35 
0 40 0.5 1.5 0.25 1.5 0.5 
0 40 0.5 1.5 0.28 3.72 0.27 
0 40 0.5 1.5 0.67 5.7 0.67 
0 40 0.5 1.5 0.85 3.3 0.85 
0 40 0.5 1.8 0.2 1.5 0.35 
0 40 0.5 1.8 0.25 1.5 0.5 
0 40 0.5 1.8 0.28 3.72 0.27 
0 40 0.5 1.8 0.67 5.7 0.67 
0 40 0.5 1.8 0.85 3.3 0.85 
0 40 0.8 0.6 0.2 1.5 0.35 
0 40 0.8 0.6 0.25 1.5 0.5 
0 40 0.8 0.6 0.28 3.72 0.27 
0 40 0.8 0.6 0.67 5.7 0.67 
0 40 0.8 0.6 0.85 3.3 0.85 
0 40 0.8 1.0 0.2 1.5 0.35 
0 40 0.8 1.0 0.25 1.5 0.5 
0 40 0.8 1.0 0.28 3.72 0.27 
0 40 0.8 1.0 0.67 5.7 0.67 
0 40 0.8 1.0 0.85 3.3 0.85 
0 40 0.8 1.3 0.2 1.5 0.35 
0 40 0.8 1.3 0.25 1.5 0.5 
0 40 0.8 1.3 0.28 3.72 0.27 
0 40 0.8 1.3 0.67 5.7 0.67 
0 40 0.8 1.3 0.85 3.3 0.85 
0 40 0.8 1.5 0.2 1.5 0.35 
0 40 0.8 1.5 0.25 1.5 0.5 
0 40 0.8 1.5 0.28 3.72 0.27 
0 40 0.8 1.5 0.67 5.7 0.67 
0 40 0.8 1.5 0.85 3.3 0.85 
0 40 0.8 1.8 0.2 1.5 0.35 
0 40 0.8 1.8 0.25 1.5 0.5 
0 40 0.8 1.8 0.28 3.72 0.27 
0 40 0.8 1.8 0.67 5.7 0.67 
0 40 0.8 1.8 0.85 3.3 0.85 
0 40 1.2 0.6 0.2 1.5 0.35 
0 40 1.2 0.6 0.25 1.5 0.5 
0 40 1.2 0.6 0.28 3.72 0.27 
0 40 1.2 0.6 0.67 5.7 0.67 
0 40 1.2 0.6 0.85 3.3 0.85 
0 40 1.2 1.0 0.2 1.5 0.35 
0 40 1.2 1.0 0.25 1.5 0.5 
0 40 1.2 1.0 0.28 3.72 0.27 
0 40 1.2 1.0 0.67 5.7 0.67 
0 40 1.2 1.0 0.85 3.3 0.85 
0 40 1.2 1.3 0.2 1.5 0.35 
0 40 1.2 1.3 0.25 1.5 0.5 
0 40 1.2 1.3 0.28 3.72 0.27 
0 40 1.2 1.3 0.67 5.7 0.67 
0 40 1.2 1.3 0.85 3.3 0.85 
0 40 1.2 1.5 0.2 1.5 0.35 
0 40 1.2 1.5 0.25 1.5 0.5 
0 40 1.2 1.5 0.28 3.72 0.27 
0 40 1.2 1.5 0.67 5.7 0.67 
0 40 1.2 1.5 0.85 3.3 0.85 
0 40 1.2 1.8 0.2 1.5 0.35 
0 40 1.2 1.8 0.25 1.5 0.5 
0 40 1.2 1.8 0.28 3.72 0.27 
0 40 1.2 1.8 0.67 5.7 0.67 
0 40 1.2 1.8 0.85 3.3 0.85 
0 40 1.5 0.6 0.2 1.5 0.35 
0 40 1.5 0.6 0.25 1.5 0.5 
0 40 1.5 0.6 0.28 3.72 0.27 
0 40 1.5 0.6 0.67 5.7 0.67 
0 40 1.5 0.6 0.85 3.3 0.85 
0 40 1.5 1.0 0.2 1.5 0.35 
0 40 1.5 1.0 0.25 1.5 0.5 
0 40 1.5 1.0 0.28 3.72 0.27 
0 40 1.5 1.0 0.67 5.7 0.67 
0 40 1.5 1.0 0.85 3.3 0.85 
0 40 1.5 1.3 0.2 1.5 0.35 
0 40 1.5 1.3 0.25 1.5 0.5 
0 40 1.5 1.3 0.28 3.72 0.27 
0 40 1.5 1.3 0.67 5.7 0.67 
0 40 1.5 1.3 0.85 3.3 0.85 
0 40 1.5 1.5 0.2 1.5 0.35 
0 40 1.5 1.5 0.25 1.5 0.5 
0 40 1.5 1.5 0.28 3.72 0.27 
0 40 1.5 1.5 0.67 5.7 0.67 
0 40 1.5 1.5 0.85 3.3 0.85 
0 40 1.5 1.8 0.2 1.5 0.35 
0 40 1.5 1.8 0.25 1.5 0.5 
0 40 1.5 1.8 0.28 3.72 0.27 
0 40 1.5 1.8 0.67 5.7 0.67 
0 40 1.5 1.8 0.85 3.3 0.85 
0 50 0.3 0.6 0.2 1.5 0.35 
0 50 0.3 0.6 0.25 1.5 0.5 
0 50 0.3 0.6 0.28 3.72 0.27 
0 50 0.3 0.6 0.67 5.7 0.67 
0 50 0.3 0.6 0.85 3.3 0.85 
0 50 0.3 1.0 0.2 1.5 0.35 
0 50 0.3 1.0 0.25 1.5 0.5 
0 50 0.3 1.0 0.28 3.72 0.27 
0 50 0.3 1.0 0.67 5.7 0.67 
0 50 0.3 1.0 0.85 3.3 0.85 
0 50 0.3 1.3 0.2 1.5 0.35 
0 50 0.3 1.3 0.25 1.5 0.5 
0 50 0.3 1.3 0.28 3.72 0.27 
0 50 0.3 1.3 0.67 5.7 0.67 
0 50 0.3 1.3 0.85 3.3 0.85 
0 50 0.3 1.5 0.2 1.5 0.35 
0 50 0.3 1.5 0.25 1.5 0.5 
0 50 0.3 1.5 0.28 3.72 0.27 
0 50 0.3 1.5 0.67 5.7 0.67 
0 50 0.3 1.5 0.85 3.3 0.85 
0 50 0.3 1.8 0.2 1.5 0.35 
0 50 0.3 1.8 0.25 1.5 0.5 
0 50 0.3 1.8 0.28 3.72 0.27 
0 50 0.3 1.8 0.67 5.7 0.67 
0 50 0.3 1.8 0.85 3.3 0.85 
0 50 0.5 0.6 0.2 1.5 0.35 
0 50 0.5 0.6 0.25 1.5 0.5 
0 50 0.5 0.6 0.28 3.72 0.27 
0 50 0.5 0.6 0.67 5.7 0.67 
0 50 0.5 0.6 0.85 3.3 0.85 
0 50 0.5 1.0 0.2 1.5 0.35 
0 50 0.5 1.0 0.25 1.5 0.5 
0 50 0.5 1.0 0.28 3.72 0.27 
0 50 0.5 1.0 0.67 5.7 0.67 
0 50 0.5 1.0 0.85 3.3 0.85 
0 50 0.5 1.3 0.2 1.5 0.35 
0 50 0.5 1.3 0.25 1.5 0.5 
0 50 0.5 1.3 0.28 3.72 0.27 
0 50 0.5 1.3 0.67 5.7 0.67 
0 50 0.5 1.3 0.85 3.3 0.85 
0 50 0.5 1.5 0.2 1.5 0.35 
0 50 0.5 1.5 0.25 1.5 0.5 
0 50 0.5 1.5 0.28 3.72 0.27 
0 50 0.5 1.5 0.67 5.7 0.67 
0 50 0.5 1.5 0.85 3.3 0.85 
0 50 0.5 1.8 0.2 1.5 0.35 
0 50 0.5 1.8 0.25 1.5 0.5 
0 50 0.5 1.8 0.28 3.72 0.27 
0 50 0.5 1.8 0.67 5.7 0.67 
0 50 0.5 1.8 0.85 3.3 0.85 
0 50 0.8 0.6 0.2 1.5 0.35 
0 50 0.8 0.6 0.25 1.5 0.5 
0 50 0.8 0.6 0.28 3.72 0.27 
0 50 0.8 0.6 0.67 5.7 0.67 
0 50 0.8 0.6 0.85 3.3 0.85 
0 50 0.8 1.0 0.2 1.5 0.35 
0 50 0.8 1.0 0.25 1.5 0.5 
0 50 0.8 1.0 0.28 3.72 0.27 
0 50 0.8 1.0 0.67 5.7 0.67 
0 50 0.8 1.0 0.85 3.3 0.85 
0 50 0.8 1.3 0.2 1.5 0.35 
0 50 0.8 1.3 0.25 1.5 0.5 
0 50 0.8 1.3 0.28 3.72 0.27 
0 50 0.8 1.3 0.67 5.7 0.67 
0 50 0.8 1.3 0.85 3.3 0.85 
0 50 0.8 1.5 0.2 1.5 0.35 
0 50 0.8 1.5 0.25 1.5 0.5 
0 50 0.8 1.5 0.28 3.72 0.27 
0 50 0.8 1.5 0.67 5.7 0.67 
0 50 0.8 1.5 0.85 3.3 0.85 
0 50 0.8 1.8 0.2 1.5 0.35 
0 50 0.8 1.8 0.25 1.5 0.5 
0 50 0.8 1.8 0.28 3.72 0.27 
0 50 0.8 1.8 0.67 5.7 0.67 
0 50 0.8 1.8 0.85 3.3 0.85 
0 50 1.2 0.6 0.2 1.5 0.35 
0 50 1.2 0.6 0.25 1.5 0.5 
0 50 1.2 0.6 0.28 3.72 0.27 
0 50 1.2 0.6 0.67 5.7 0.67 
0 50 1.2 0.6 0.85 3.3 0.85 
0 50 1.2 1.0 0.2 1.5 0.35 
0 50 1.2 1.0 0.25 1.5 0.5 
0 50 1.2 1.0 0.28 3.72 0.27 
0 50 1.2 1.0 0.67 5.7 0.67 
0 50 1.2 1.0 0.85 3.3 0.85 
0 50 1.2 1.3 0.2 1.5 0.35 
0 50 1.2 1.3 0.25 1.5 0.5 
0 50 1.2 1.3 0.28 3.72 0.27 
0 50 1.2 1.3 0.67 5.7 0.67 
0 50 1.2 1.3 0.85 3.3 0.85 
0 50 1.2 1.5 0.2 1.5 0.35 
0 50 1.2 1.5 0.25 1.5 0.5 
0 50 1.2 1.5 0.28 3.72 0.27 
0 50 1.2 1.5 0.67 5.7 0.67 
0 50 1.2 1.5 0.85 3.3 0.85 
0 50 1.2 1.8 0.2 1.5 0.35 
0 50 1.2 1.8 0.25 1.5 0.5 
0 50 1.2 1.8 0.28 3.72 0.27 
0 50 1.2 1.8 0.67 5.7 0.67 
0 50 1.2 1.8 0.85 3.3 0.85 
0 50 1.5 0.6 0.2 1.5 0.35 
0 50 1.5 0.6 0.25 1.5 0.5 
0 50 1.5 0.6 0.28 3.72 0.27 
0 50 1.5 0.6 0.67 5.7 0.67 
0 50 1.5 0.6 0.85 3.3 0.85 
0 50 1.5 1.0 0.2 1.5 0.35 
0 50 1.5 1.0 0.25 1.5 0.5 
0 50 1.5 1.0 0.28 3.72 0.27 
0 50 1.5 1.0 0.67 5.7 0.67 
0 50 1.5 1.0 0.85 3.3 0.85 
0 50 1.5 1.3 0.2 1.5 0.35 
0 50 1.5 1.3 0.25 1.5 0.5 
0 50 1.5 1.3 0.28 3.72 0.27 
0 50 1.5 1.3 0.67 5.7 0.67 
0 50 1.5 1.3 0.85 3.3 0.85 
0 50 1.5 1.5 0.2 1.5 0.35 
0 50 1.5 1.5 0.25 1.5 0.5 
0 50 1.5 1.5 0.28 3.72 0.27 
0 50 1.5 1.5 0.67 5.7 0.67 
0 50 1.5 1.5 0.85 3.3 0.85 
0 50 1.5 1.8 0.2 1.5 0.35 
0 50 1.5 1.8 0.25 1.5 0.5 
0 50 1.5 1.8 0.28 3.72 0.27 
0 50 1.5 1.8 0.67 5.7 0.67 
0 50 1.5 1.8 0.85 3.3 0.85 
0 60 0.3 0.6 0.2 1.5 0.35 
0 60 0.3 0.6 0.25 1.5 0.5 
0 60 0.3 0.6 0.28 3.72 0.27 
0 60 0.3 0.6 0.67 5.7 0.67 
0 60 0.3 0.6 0.85 3.3 0.85 
0 60 0.3 1.0 0.2 1.5 0.35 
0 60 0.3 1.0 0.25 1.5 0.5 
0 60 0.3 1.0 0.28 3.72 0.27 
0 60 0.3 1.0 0.67 5.7 0.67 
0 60 0.3 1.0 0.85 3.3 0.85 
0 60 0.3 1.3 0.2 1.5 0.35 
0 60 0.3 1.3 0.25 1.5 0.5 
0 60 0.3 1.3 0.28 3.72 0.27 
0 60 0.3 1.3 0.67 5.7 0.67 
0 60 0.3 1.3 0.85 3.3 0.85 
0 60 0.3 1.5 0.2 1.5 0.35 
0 60 0.3 1.5 0.25 1.5 0.5 
0 60 0.3 1.5 0.28 3.72 0.27 
0 60 0.3 1.5 0.67 5.7 0.67 
0 60 0.3 1.5 0.85 3.3 0.85 
0 60 0.3 1.8 0.2 1.5 0.35 
0 60 0.3 1.8 0.25 1.5 0.5 
0 60 0.3 1.8 0.28 3.72 0.27 
0 60 0.3 1.8 0.67 5.7 0.67 
0 60 0.3 1.8 0.85 3.3 0.85 
0 60 0.5 0.6 0.2 1.5 0.35 
0 60 0.5 0.6 0.25 1.5 0.5 
0 60 0.5 0.6 0.28 3.72 0.27 
0 60 0.5 0.6 0.67 5.7 0.67 
0 60 0.5 0.6 0.85 3.3 0.85 
0 60 0.5 1.0 0.2 1.5 0.35 
0 60 0.5 1.0 0.25 1.5 0.5 
0 60 0.5 1.0 0.28 3.72 0.27 
0 60 0.5 1.0 0.67 5.7 0.67 
0 60 0.5 1.0 0.85 3.3 0.85 
0 60 0.5 1.3 0.2 1.5 0.35 
0 60 0.5 1.3 0.25 1.5 0.5 
0 60 0.5 1.3 0.28 3.72 0.27 
0 60 0.5 1.3 0.67 5.7 0.67 
0 60 0.5 1.3 0.85 3.3 0.85 
0 60 0.5 1.5 0.2 1.5 0.35 
0 60 0.5 1.5 0.25 1.5 0.5 
0 60 0.5 1.5 0.28 3.72 0.27 
0 60 0.5 1.5 0.67 5.7 0.67 
0 60 0.5 1.5 0.85 3.3 0.85 
0 60 0.5 1.8 0.2 1.5 0.35 
0 60 0.5 1.8 0.25 1.5 0.5 
0 60 0.5 1.8 0.28 3.72 0.27 
0 60 0.5 1.8 0.67 5.7 0.67 
0 60 0.5 1.8 0.85 3.3 0.85 
0 60 0.8 0.6 0.2 1.5 0.35 
0 60 0.8 0.6 0.25 1.5 0.5 
0 60 0.8 0.6 0.28 3.72 0.27 
0 60 0.8 0.6 0.67 5.7 0.67 
0 60 0.8 0.6 0.85 3.3 0.85 
0 60 0.8 1.0 0.2 1.5 0.35 
0 60 0.8 1.0 0.25 1.5 0.5 
0 60 0.8 1.0 0.28 3.72 0.27 
0 60 0.8 1.0 0.67 5.7 0.67 
0 60 0.8 1.0 0.85 3.3 0.85 
0 60 0.8 1.3 0.2 1.5 0.35 
0 60 0.8 1.3 0.25 1.5 0.5 
0 60 0.8 1.3 0.28 3.72 0.27 
0 60 0.8 1.3 0.67 5.7 0.67 
0 60 0.8 1.3 0.85 3.3 0.85 
0 60 0.8 1.5 0.2 1.5 0.35 
0 60 0.8 1.5 0.25 1.5 0.5 
0 60 0.8 1.5 0.28 3.72 0.27 
0 60 0.8 1.5 0.67 5.7 0.67 
0 60 0.8 1.5 0.85 3.3 0.85 
0 60 0.8 1.8 0.2 1.5 0.35 
0 60 0.8 1.8 0.25 1.5 0.5 
0 60 0.8 1.8 0.28 3.72 0.27 
0 60 0.8 1.8 0.67 5.7 0.67 
0 60 0.8 1.8 0.85 3.3 0.85 
0 60 1.2 0.6 0.2 1.5 0.35 
0 60 1.2 0.6 0.25 1.5 0.5 
0 60 1.2 0.6 0.28 3.72 0.27 
0 60 1.2 0.6 0.67 5.7 0.67 
0 60 1.2 0.6 0.85 3.3 0.85 
0 60 1.2 1.0 0.2 1.5 0.35 
0 60 1.2 1.0 0.25 1.5 0.5 
0 60 1.2 1.0 0.28 3.72 0.27 
0 60 1.2 1.0 0.67 5.7 0.67 
0 60 1.2 1.0 0.85 3.3 0.85 
0 60 1.2 1.3 0.2 1.5 0.35 
0 60 1.2 1.3 0.25 1.5 0.5 
0 60 1.2 1.3 0.28 3.72 0.27 
0 60 1.2 1.3 0.67 5.7 0.67 
0 60 1.2 1.3 0.85 3.3 0.85 
0 60 1.2 1.5 0.2 1.5 0.35 
0 60 1.2 1.5 0.25 1.5 0.5 
0 60 1.2 1.5 0.28 3.72 0.27 
0 60 1.2 1.5 0.67 5.7 0.67 
0 60 1.2 1.5 0.85 3.3 0.85 
0 60 1.2 1.8 0.2 1.5 0.35 
0 60 1.2 1.8 0.25 1.5 0.5 
0 60 1.2 1.8 0.28 3.72 0.27 
0 60 1.2 1.8 0.67 5.7 0.67 
0 60 1.2 1.8 0.85 3.3 0.85 
0 60 1.5 0.6 0.2 1.5 0.35 
0 60 1.5 0.6 0.25 1.5 0.5 
0 60 1.5 0.6 0.28 3.72 0.27 
0 60 1.5 0.6 0.67 5.7 0.67 
0 60 1.5 0.6 0.85 3.3 0.85 
0 60 1.5 1.0 0.2 1.5 0.35 
0 60 1.5 1.0 0.25 1.5 0.5 
0 60 1.5 1.0 0.28 3.72 0.27 
0 60 1.5 1.0 0.67 5.7 0.67 
0 60 1.5 1.0 0.85 3.3 0.85 
0 60 1.5 1.3 0.2 1.5 0.35 
0 60 1.5 1.3 0.25 1.5 0.5 
0 60 1.5 1.3 0.28 3.72 0.27 
0 60 1.5 1.3 0.67 5.7 0.67 
0 60 1.5 1.3 0.85 3.3 0.85 
0 60 1.5 1.5 0.2 1.5 0.35 
0 60 1.5 1.5 0.25 1.5 0.5 
0 60 1.5 1.5 0.28 3.72 0.27 
0 60 1.5 1.5 0.67 5.7 0.67 
0 60 1.5 1.5 0.85 3.3 0.85 
0 60 1.5 1.8 0.2 1.5 0.35 
0 60 1.5 1.8 0.25 1.5 0.5 
0 60 1.5 1.8 0.28 3.72 0.27 
0 60 1.5 1.8 0.67 5.7 0.67 
0 60 1.5 1.8 0.85 3.3 0.85 
0 80 0.3 0.6 0.2 1.5 0.35 
0 80 0.3 0.6 0.25 1.5 0.5 
0 80 0.3 0.6 0.28 3.72 0.27 
0 80 0.3 0.6 0.67 5.7 0.67 
0 80 0.3 0.6 0.85 3.3 0.85 
0 80 0.3 1.0 0.2 1.5 0.35 
0 80 0.3 1.0 0.25 1.5 0.5 
0 80 0.3 1.0 0.28 3.72 0.27 
0 80 0.3 1.0 0.67 5.7 0.67 
0 80 0.3 1.0 0.85 3.3 0.85 
0 80 0.3 1.3 0.2 1.5 0.35 
0 80 0.3 1.3 0.25 1.5 0.5 
0 80 0.3 1.3 0.28 3.72 0.27 
0 80 0.3 1.3 0.67 5.7 0.67 
0 80 0.3 1.3 0.85 3.3 0.85 
0 80 0.3 1.5 0.2 1.5 0.35 
0 80 0.3 1.5 0.25 1.5 0.5 
0 80 0.3 1.5 0.28 3.72 0.27 
0 80 0.3 1.5 0.67 5.7 0.67 
0 80 0.3 1.5 0.85 3.3 0.85 
0 80 0.3 1.8 0.2 1.5 0.35 
0 80 0.3 1.8 0.25 1.5 0.5 
0 80 0.3 1.8 0.28 3.72 0.27 
0 80 0.3 1.8 0.67 5.7 0.67 
0 80 0.3 1.8 0.85 3.3 0.85 
0 80 0.5 0.6 0.2 1.5 0.35 
0 80 0.5 0.6 0.25 1.5 0.5 
0 80 0.5 0.6 0.28 3.72 0.27 
0 80 0.5 0.6 0.67 5.7 0.67 
0 80 0.5 0.6 0.85 3.3 0.85 
0 80 0.5 1.0 0.2 1.5 0.35 
0 80 0.5 1.0 0.25 1.5 0.5 
0 80 0.5 1.0 0.28 3.72 0.27 
0 80 0.5 1.0 0.67 5.7 0.67 
0 80 0.5 1.0 0.85 3.3 0.85 
0 80 0.5 1.3 0.2 1.5 0.35 
0 80 0.5 1.3 0.25 1.5 0.5 
0 80 0.5 1.3 0.28 3.72 0.27 
0 80 0.5 1.3 0.67 5.7 0.67 
0 80 0.5 1.3 0.85 3.3 0.85 
0 80 0.5 1.5 0.2 1.5 0.35 
0 80 0.5 1.5 0.25 1.5 0.5 
0 80 0.5 1.5 0.28 3.72 0.27 
0 80 0.5 1.5 0.67 5.7 0.67 
0 80 0.5 1.5 0.85 3.3 0.85 
0 80 0.5 1.8 0.2 1.5 0.35 
0 80 0.5 1.8 0.25 1.5 0.5 
0 80 0.5 1.8 0.28 3.72 0.27 
0 80 0.5 1.8 0.67 5.7 0.67 
0 80 0.5 1.8 0.85 3.3 0.85 
0 80 0.8 0.6 0.2 1.5 0.35 
0 80 0.8 0.6 0.25 1.5 0.5 
0 80 0.8 0.6 0.28 3.72 0.27 
0 80 0.8 0.6 0.67 5.7 0.67 
0 80 0.8 0.6 0.85 3.3 0.85 
0 80 0.8 1.0 0.2 1.5 0.35 
0 80 0.8 1.0 0.25 1.5 0.5 
0 80 0.8 1.0 0.28 3.72 0.27 
0 80 0.8 1.0 0.67 5.7 0.67 
0 80 0.8 1.0 0.85 3.3 0.85 
0 80 0.8 1.3 0.2 1.5 0.35 
0 80 0.8 1.3 0.25 1.5 0.5 
0 80 0.8 1.3 0.28 3.72 0.27 
0 80 0.8 1.3 0.67 5.7 0.67 
0 80 0.8 1.3 0.85 3.3 0.85 
0 80 0.8 1.5 0.2 1.5 0.35 
0 80 0.8 1.5 0.25 1.5 0.5 
0 80 0.8 1.5 0.28 3.72 0.27 
0 80 0.8 1.5 0.67 5.7 0.67 
0 80 0.8 1.5 0.85 3.3 0.85 
0 80 0.8 1.8 0.2 1.5 0.35 
0 80 0.8 1.8 0.25 1.5 0.5 
0 80 0.8 1.8 0.28 3.72 0.27 
0 80 0.8 1.8 0.67 5.7 0.67 
0 80 0.8 1.8 0.85 3.3 0.85 
0 80 1.2 0.6 0.2 1.5 0.35 
0 80 1.2 0.6 0.25 1.5 0.5 
0 80 1.2 0.6 0.28 3.72 0.27 
0 80 1.2 0.6 0.67 5.7 0.67 
0 80 1.2 0.6 0.85 3.3 0.85 
0 80 1.2 1.0 0.2 1.5 0.35 
0 80 1.2 1.0 0.25 1.5 0.5 
0 80 1.2 1.0 0.28 3.72 0.27 
0 80 1.2 1.0 0.67 5.7 0.67 
0 80 1.2 1.0 0.85 3.3 0.85 
0 80 1.2 1.3 0.2 1.5 0.35 
0 80 1.2 1.3 0.25 1.5 0.5 
0 80 1.2 1.3 0.28 3.72 0.27 
0 80 1.2 1.3 0.67 5.7 0.67 
0 80 1.2 1.3 0.85 3.3 0.85 
0 80 1.2 1.5 0.2 1.5 0.35 
0 80 1.2 1.5 0.25 1.5 0.5 
0 80 1.2 1.5 0.28 3.72 0.27 
0 80 1.2 1.5 0.67 5.7 0.67 
0 80 1.2 1.5 0.85 3.3 0.85 
0 80 1.2 1.8 0.2 1.5 0.35 
0 80 1.2 1.8 0.25 1.5 0.5 
0 80 1.2 1.8 0.28 3.72 0.27 
0 80 1.2 1.8 0.67 5.7 0.67 
0 80 1.2 1.8 0.85 3.3 0.85 
0 80 1.5 0.6 0.2 1.5 0.35 
0 80 1.5 0.6 0.25 1.5 0.5 
0 80 1.5 0.6 0.28 3.72 0.27 
0 80 1.5 0.6 0.67 5.7 0.67 
0 80 1.5 0.6 0.85 3.3 0.85 
0 80 1.5 1.0 0.2 1.5 0.35 
0 80 1.5 1.0 0.25 1.5 0.5 
0 80 1.5 1.0 0.28 3.72 0.27 
0 80 1.5 1.0 0.67 5.7 0.67 
0 80 1.5 1.0 0.85 3.3 0.85 
0 80 1.5 1.3 0.2 1.5 0.35 
0 80 1.5 1.3 0.25 1.5 0.5 
0 80 1.5 1.3 0.28 3.72 0.27 
0 80 1.5 1.3 0.67 5.7 0.67 
0 80 1.5 1.3 0.85 3.3 0.85 
0 80 1.5 1.5 0.2 1.5 0.35 
0 80 1.5 1.5 0.25 1.5 0.5 
0 80 1.5 1.5 0.28 3.72 0.27 
0 80 1.5 1.5 0.67 5.7 0.67 
0 80 1.5 1.5 0.85 3.3 0.85 
0 80 1.5 1.8 0.2 1.5 0.35 
0 80 1.5 1.8 0.25 1.5 0.5 
0 80 1.5 1.8 0.28 3.72 0.27 
0 80 1.5 1.8 0.67 5.7 0.67 
0 80 1.5 1.8 0.85 3.3 0.85 
45 20 0.3 0.6 0.2 1.5 0.35 
45 20 0.3 0.6 0.25 1.5 0.5 
45 20 0.3 0.6 0.28 3.72 0.27 
45 20 0.3 0.6 0.67 5.7 0.67 
45 20 0.3 0.6 0.85 3.3 0.85 
45 20 0.3 1.0 0.2 1.5 0.35 
45 20 0.3 1.0 0.25 1.5 0.5 
45 20 0.3 1.0 0.28 3.72 0.27 
45 20 0.3 1.0 0.67 5.7 0.67 
45 20 0.3 1.0 0.85 3.3 0.85 
45 20 0.3 1.3 0.2 1.5 0.35 
45 20 0.3 1.3 0.25 1.5 0.5 
45 20 0.3 1.3 0.28 3.72 0.27 
45 20 0.3 1.3 0.67 5.7 0.67 
45 20 0.3 1.3 0.85 3.3 0.85 
45 20 0.3 1.5 0.2 1.5 0.35 
45 20 0.3 1.5 0.25 1.5 0.5 
45 20 0.3 1.5 0.28 3.72 0.27 
45 20 0.3 1.5 0.67 5.7 0.67 
45 20 0.3 1.5 0.85 3.3 0.85 
45 20 0.3 1.8 0.2 1.5 0.35 
45 20 0.3 1.8 0.25 1.5 0.5 
45 20 0.3 1.8 0.28 3.72 0.27 
45 20 0.3 1.8 0.67 5.7 0.67 
45 20 0.3 1.8 0.85 3.3 0.85 
45 20 0.5 0.6 0.2 1.5 0.35 
45 20 0.5 0.6 0.25 1.5 0.5 
45 20 0.5 0.6 0.28 3.72 0.27 
45 20 0.5 0.6 0.67 5.7 0.67 
45 20 0.5 0.6 0.85 3.3 0.85 
45 20 0.5 1.0 0.2 1.5 0.35 
45 20 0.5 1.0 0.25 1.5 0.5 
45 20 0.5 1.0 0.28 3.72 0.27 
45 20 0.5 1.0 0.67 5.7 0.67 
45 20 0.5 1.0 0.85 3.3 0.85 
45 20 0.5 1.3 0.2 1.5 0.35 
45 20 0.5 1.3 0.25 1.5 0.5 
45 20 0.5 1.3 0.28 3.72 0.27 
45 20 0.5 1.3 0.67 5.7 0.67 
45 20 0.5 1.3 0.85 3.3 0.85 
45 20 0.5 1.5 0.2 1.5 0.35 
45 20 0.5 1.5 0.25 1.5 0.5 
45 20 0.5 1.5 0.28 3.72 0.27 
45 20 0.5 1.5 0.67 5.7 0.67 
45 20 0.5 1.5 0.85 3.3 0.85 
45 20 0.5 1.8 0.2 1.5 0.35 
45 20 0.5 1.8 0.25 1.5 0.5 
45 20 0.5 1.8 0.28 3.72 0.27 
45 20 0.5 1.8 0.67 5.7 0.67 
45 20 0.5 1.8 0.85 3.3 0.85 
45 20 0.8 0.6 0.2 1.5 0.35 
45 20 0.8 0.6 0.25 1.5 0.5 
45 20 0.8 0.6 0.28 3.72 0.27 
45 20 0.8 0.6 0.67 5.7 0.67 
45 20 0.8 0.6 0.85 3.3 0.85 
45 20 0.8 1.0 0.2 1.5 0.35 
45 20 0.8 1.0 0.25 1.5 0.5 
45 20 0.8 1.0 0.28 3.72 0.27 
45 20 0.8 1.0 0.67 5.7 0.67 
45 20 0.8 1.0 0.85 3.3 0.85 
45 20 0.8 1.3 0.2 1.5 0.35 
45 20 0.8 1.3 0.25 1.5 0.5 
45 20 0.8 1.3 0.28 3.72 0.27 
45 20 0.8 1.3 0.67 5.7 0.67 
45 20 0.8 1.3 0.85 3.3 0.85 
45 20 0.8 1.5 0.2 1.5 0.35 
45 20 0.8 1.5 0.25 1.5 0.5 
45 20 0.8 1.5 0.28 3.72 0.27 
45 20 0.8 1.5 0.67 5.7 0.67 
45 20 0.8 1.5 0.85 3.3 0.85 
45 20 0.8 1.8 0.2 1.5 0.35 
45 20 0.8 1.8 0.25 1.5 0.5 
45 20 0.8 1.8 0.28 3.72 0.27 
45 20 0.8 1.8 0.67 5.7 0.67 
45 20 0.8 1.8 0.85 3.3 0.85 
45 20 1.2 0.6 0.2 1.5 0.35 
45 20 1.2 0.6 0.25 1.5 0.5 
45 20 1.2 0.6 0.28 3.72 0.27 
45 20 1.2 0.6 0.67 5.7 0.67 
45 20 1.2 0.6 0.85 3.3 0.85 
45 20 1.2 1.0 0.2 1.5 0.35 
45 20 1.2 1.0 0.25 1.5 0.5 
45 20 1.2 1.0 0.28 3.72 0.27 
45 20 1.2 1.0 0.67 5.7 0.67 
45 20 1.2 1.0 0.85 3.3 0.85 
45 20 1.2 1.3 0.2 1.5 0.35 
45 20 1.2 1.3 0.25 1.5 0.5 
45 20 1.2 1.3 0.28 3.72 0.27 
45 20 1.2 1.3 0.67 5.7 0.67 
45 20 1.2 1.3 0.85 3.3 0.85 
45 20 1.2 1.5 0.2 1.5 0.35 
45 20 1.2 1.5 0.25 1.5 0.5 
45 20 1.2 1.5 0.28 3.72 0.27 
45 20 1.2 1.5 0.67 5.7 0.67 
45 20 1.2 1.5 0.85 3.3 0.85 
45 20 1.2 1.8 0.2 1.5 0.35 
45 20 1.2 1.8 0.25 1.5 0.5 
45 20 1.2 1.8 0.28 3.72 0.27 
45 20 1.2 1.8 0.67 5.7 0.67 
45 20 1.2 1.8 0.85 3.3 0.85 
45 20 1.5 0.6 0.2 1.5 0.35 
45 20 1.5 0.6 0.25 1.5 0.5 
45 20 1.5 0.6 0.28 3.72 0.27 
45 20 1.5 0.6 0.67 5.7 0.67 
45 20 1.5 0.6 0.85 3.3 0.85 
45 20 1.5 1.0 0.2 1.5 0.35 
45 20 1.5 1.0 0.25 1.5 0.5 
45 20 1.5 1.0 0.28 3.72 0.27 
45 20 1.5 1.0 0.67 5.7 0.67 
45 20 1.5 1.0 0.85 3.3 0.85 
45 20 1.5 1.3 0.2 1.5 0.35 
45 20 1.5 1.3 0.25 1.5 0.5 
45 20 1.5 1.3 0.28 3.72 0.27 
45 20 1.5 1.3 0.67 5.7 0.67 
45 20 1.5 1.3 0.85 3.3 0.85 
45 20 1.5 1.5 0.2 1.5 0.35 
45 20 1.5 1.5 0.25 1.5 0.5 
45 20 1.5 1.5 0.28 3.72 0.27 
45 20 1.5 1.5 0.67 5.7 0.67 
45 20 1.5 1.5 0.85 3.3 0.85 
45 20 1.5 1.8 0.2 1.5 0.35 
45 20 1.5 1.8 0.25 1.5 0.5 
45 20 1.5 1.8 0.28 3.72 0.27 
45 20 1.5 1.8 0.67 5.7 0.67 
45 20 1.5 1.8 0.85 3.3 0.85 
45 40 0.3 0.6 0.2 1.5 0.35 
45 40 0.3 0.6 0.25 1.5 0.5 
45 40 0.3 0.6 0.28 3.72 0.27 
45 40 0.3 0.6 0.67 5.7 0.67 
45 40 0.3 0.6 0.85 3.3 0.85 
45 40 0.3 1.0 0.2 1.5 0.35 
45 40 0.3 1.0 0.25 1.5 0.5 
45 40 0.3 1.0 0.28 3.72 0.27 
45 40 0.3 1.0 0.67 5.7 0.67 
45 40 0.3 1.0 0.85 3.3 0.85 
45 40 0.3 1.3 0.2 1.5 0.35 
45 40 0.3 1.3 0.25 1.5 0.5 
45 40 0.3 1.3 0.28 3.72 0.27 
45 40 0.3 1.3 0.67 5.7 0.67 
45 40 0.3 1.3 0.85 3.3 0.85 
45 40 0.3 1.5 0.2 1.5 0.35 
45 40 0.3 1.5 0.25 1.5 0.5 
45 40 0.3 1.5 0.28 3.72 0.27 
45 40 0.3 1.5 0.67 5.7 0.67 
45 40 0.3 1.5 0.85 3.3 0.85 
45 40 0.3 1.8 0.2 1.5 0.35 
45 40 0.3 1.8 0.25 1.5 0.5 
45 40 0.3 1.8 0.28 3.72 0.27 
45 40 0.3 1.8 0.67 5.7 0.67 
45 40 0.3 1.8 0.85 3.3 0.85 
45 40 0.5 0.6 0.2 1.5 0.35 
45 40 0.5 0.6 0.25 1.5 0.5 
45 40 0.5 0.6 0.28 3.72 0.27 
45 40 0.5 0.6 0.67 5.7 0.67 
45 40 0.5 0.6 0.85 3.3 0.85 
45 40 0.5 1.0 0.2 1.5 0.35 
45 40 0.5 1.0 0.25 1.5 0.5 
45 40 0.5 1.0 0.28 3.72 0.27 
45 40 0.5 1.0 0.67 5.7 0.67 
45 40 0.5 1.0 0.85 3.3 0.85 
45 40 0.5 1.3 0.2 1.5 0.35 
45 40 0.5 1.3 0.25 1.5 0.5 
45 40 0.5 1.3 0.28 3.72 0.27 
45 40 0.5 1.3 0.67 5.7 0.67 
45 40 0.5 1.3 0.85 3.3 0.85 
45 40 0.5 1.5 0.2 1.5 0.35 
45 40 0.5 1.5 0.25 1.5 0.5 
45 40 0.5 1.5 0.28 3.72 0.27 
45 40 0.5 1.5 0.67 5.7 0.67 
45 40 0.5 1.5 0.85 3.3 0.85 
45 40 0.5 1.8 0.2 1.5 0.35 
45 40 0.5 1.8 0.25 1.5 0.5 
45 40 0.5 1.8 0.28 3.72 0.27 
45 40 0.5 1.8 0.67 5.7 0.67 
45 40 0.5 1.8 0.85 3.3 0.85 
45 40 0.8 0.6 0.2 1.5 0.35 
45 40 0.8 0.6 0.25 1.5 0.5 
45 40 0.8 0.6 0.28 3.72 0.27 
45 40 0.8 0.6 0.67 5.7 0.67 
45 40 0.8 0.6 0.85 3.3 0.85 
45 40 0.8 1.0 0.2 1.5 0.35 
45 40 0.8 1.0 0.25 1.5 0.5 
45 40 0.8 1.0 0.28 3.72 0.27 
45 40 0.8 1.0 0.67 5.7 0.67 
45 40 0.8 1.0 0.85 3.3 0.85 
45 40 0.8 1.3 0.2 1.5 0.35 
45 40 0.8 1.3 0.25 1.5 0.5 
45 40 0.8 1.3 0.28 3.72 0.27 
45 40 0.8 1.3 0.67 5.7 0.67 
45 40 0.8 1.3 0.85 3.3 0.85 
45 40 0.8 1.5 0.2 1.5 0.35 
45 40 0.8 1.5 0.25 1.5 0.5 
45 40 0.8 1.5 0.28 3.72 0.27 
45 40 0.8 1.5 0.67 5.7 0.67 
45 40 0.8 1.5 0.85 3.3 0.85 
45 40 0.8 1.8 0.2 1.5 0.35 
45 40 0.8 1.8 0.25 1.5 0.5 
45 40 0.8 1.8 0.28 3.72 0.27 
45 40 0.8 1.8 0.67 5.7 0.67 
45 40 0.8 1.8 0.85 3.3 0.85 
45 40 1.2 0.6 0.2 1.5 0.35 
45 40 1.2 0.6 0.25 1.5 0.5 
45 40 1.2 0.6 0.28 3.72 0.27 
45 40 1.2 0.6 0.67 5.7 0.67 
45 40 1.2 0.6 0.85 3.3 0.85 
45 40 1.2 1.0 0.2 1.5 0.35 
45 40 1.2 1.0 0.25 1.5 0.5 
45 40 1.2 1.0 0.28 3.72 0.27 
45 40 1.2 1.0 0.67 5.7 0.67 
45 40 1.2 1.0 0.85 3.3 0.85 
45 40 1.2 1.3 0.2 1.5 0.35 
45 40 1.2 1.3 0.25 1.5 0.5 
45 40 1.2 1.3 0.28 3.72 0.27 
45 40 1.2 1.3 0.67 5.7 0.67 
45 40 1.2 1.3 0.85 3.3 0.85 
45 40 1.2 1.5 0.2 1.5 0.35 
45 40 1.2 1.5 0.25 1.5 0.5 
45 40 1.2 1.5 0.28 3.72 0.27 
45 40 1.2 1.5 0.67 5.7 0.67 
45 40 1.2 1.5 0.85 3.3 0.85 
45 40 1.2 1.8 0.2 1.5 0.35 
45 40 1.2 1.8 0.25 1.5 0.5 
45 40 1.2 1.8 0.28 3.72 0.27 
45 40 1.2 1.8 0.67 5.7 0.67 
45 40 1.2 1.8 0.85 3.3 0.85 
45 40 1.5 0.6 0.2 1.5 0.35 
45 40 1.5 0.6 0.25 1.5 0.5 
45 40 1.5 0.6 0.28 3.72 0.27 
45 40 1.5 0.6 0.67 5.7 0.67 
45 40 1.5 0.6 0.85 3.3 0.85 
45 40 1.5 1.0 0.2 1.5 0.35 
45 40 1.5 1.0 0.25 1.5 0.5 
45 40 1.5 1.0 0.28 3.72 0.27 
45 40 1.5 1.0 0.67 5.7 0.67 
45 40 1.5 1.0 0.85 3.3 0.85 
45 40 1.5 1.3 0.2 1.5 0.35 
45 40 1.5 1.3 0.25 1.5 0.5 
45 40 1.5 1.3 0.28 3.72 0.27 
45 40 1.5 1.3 0.67 5.7 0.67 
45 40 1.5 1.3 0.85 3.3 0.85 
45 40 1.5 1.5 0.2 1.5 0.35 
45 40 1.5 1.5 0.25 1.5 0.5 
45 40 1.5 1.5 0.28 3.72 0.27 
45 40 1.5 1.5 0.67 5.7 0.67 
45 40 1.5 1.5 0.85 3.3 0.85 
45 40 1.5 1.8 0.2 1.5 0.35 
45 40 1.5 1.8 0.25 1.5 0.5 
45 40 1.5 1.8 0.28 3.72 0.27 
45 40 1.5 1.8 0.67 5.7 0.67 
45 40 1.5 1.8 0.85 3.3 0.85 
45 50 0.3 0.6 0.2 1.5 0.35 
45 50 0.3 0.6 0.25 1.5 0.5 
45 50 0.3 0.6 0.28 3.72 0.27 
45 50 0.3 0.6 0.67 5.7 0.67 
45 50 0.3 0.6 0.85 3.3 0.85 
45 50 0.3 1.0 0.2 1.5 0.35 
45 50 0.3 1.0 0.25 1.5 0.5 
45 50 0.3 1.0 0.28 3.72 0.27 
45 50 0.3 1.0 0.67 5.7 0.67 
45 50 0.3 1.0 0.85 3.3 0.85 
45 50 0.3 1.3 0.2 1.5 0.35 
45 50 0.3 1.3 0.25 1.5 0.5 
45 50 0.3 1.3 0.28 3.72 0.27 
45 50 0.3 1.3 0.67 5.7 0.67 
45 50 0.3 1.3 0.85 3.3 0.85 
45 50 0.3 1.5 0.2 1.5 0.35 
45 50 0.3 1.5 0.25 1.5 0.5 
45 50 0.3 1.5 0.28 3.72 0.27 
45 50 0.3 1.5 0.67 5.7 0.67 
45 50 0.3 1.5 0.85 3.3 0.85 
45 50 0.3 1.8 0.2 1.5 0.35 
45 50 0.3 1.8 0.25 1.5 0.5 
45 50 0.3 1.8 0.28 3.72 0.27 
45 50 0.3 1.8 0.67 5.7 0.67 
45 50 0.3 1.8 0.85 3.3 0.85 
45 50 0.5 0.6 0.2 1.5 0.35 
45 50 0.5 0.6 0.25 1.5 0.5 
45 50 0.5 0.6 0.28 3.72 0.27 
45 50 0.5 0.6 0.67 5.7 0.67 
45 50 0.5 0.6 0.85 3.3 0.85 
45 50 0.5 1.0 0.2 1.5 0.35 
45 50 0.5 1.0 0.25 1.5 0.5 
45 50 0.5 1.0 0.28 3.72 0.27 
45 50 0.5 1.0 0.67 5.7 0.67 
45 50 0.5 1.0 0.85 3.3 0.85 
45 50 0.5 1.3 0.2 1.5 0.35 
45 50 0.5 1.3 0.25 1.5 0.5 
45 50 0.5 1.3 0.28 3.72 0.27 
45 50 0.5 1.3 0.67 5.7 0.67 
45 50 0.5 1.3 0.85 3.3 0.85 
45 50 0.5 1.5 0.2 1.5 0.35 
45 50 0.5 1.5 0.25 1.5 0.5 
45 50 0.5 1.5 0.28 3.72 0.27 
45 50 0.5 1.5 0.67 5.7 0.67 
45 50 0.5 1.5 0.85 3.3 0.85 
45 50 0.5 1.8 0.2 1.5 0.35 
45 50 0.5 1.8 0.25 1.5 0.5 
45 50 0.5 1.8 0.28 3.72 0.27 
45 50 0.5 1.8 0.67 5.7 0.67 
45 50 0.5 1.8 0.85 3.3 0.85 
45 50 0.8 0.6 0.2 1.5 0.35 
45 50 0.8 0.6 0.25 1.5 0.5 
45 50 0.8 0.6 0.28 3.72 0.27 
45 50 0.8 0.6 0.67 5.7 0.67 
45 50 0.8 0.6 0.85 3.3 0.85 
45 50 0.8 1.0 0.2 1.5 0.35 
45 50 0.8 1.0 0.25 1.5 0.5 
45 50 0.8 1.0 0.28 3.72 0.27 
45 50 0.8 1.0 0.67 5.7 0.67 
45 50 0.8 1.0 0.85 3.3 0.85 
45 50 0.8 1.3 0.2 1.5 0.35 
45 50 0.8 1.3 0.25 1.5 0.5 
45 50 0.8 1.3 0.28 3.72 0.27 
45 50 0.8 1.3 0.67 5.7 0.67 
45 50 0.8 1.3 0.85 3.3 0.85 
45 50 0.8 1.5 0.2 1.5 0.35 
45 50 0.8 1.5 0.25 1.5 0.5 
45 50 0.8 1.5 0.28 3.72 0.27 
45 50 0.8 1.5 0.67 5.7 0.67 
45 50 0.8 1.5 0.85 3.3 0.85 
45 50 0.8 1.8 0.2 1.5 0.35 
45 50 0.8 1.8 0.25 1.5 0.5 
45 50 0.8 1.8 0.28 3.72 0.27 
45 50 0.8 1.8 0.67 5.7 0.67 
45 50 0.8 1.8 0.85 3.3 0.85 
45 50 1.2 0.6 0.2 1.5 0.35 
45 50 1.2 0.6 0.25 1.5 0.5 
45 50 1.2 0.6 0.28 3.72 0.27 
45 50 1.2 0.6 0.67 5.7 0.67 
45 50 1.2 0.6 0.85 3.3 0.85 
45 50 1.2 1.0 0.2 1.5 0.35 
45 50 1.2 1.0 0.25 1.5 0.5 
45 50 1.2 1.0 0.28 3.72 0.27 
45 50 1.2 1.0 0.67 5.7 0.67 
45 50 1.2 1.0 0.85 3.3 0.85 
45 50 1.2 1.3 0.2 1.5 0.35 
45 50 1.2 1.3 0.25 1.5 0.5 
45 50 1.2 1.3 0.28 3.72 0.27 
45 50 1.2 1.3 0.67 5.7 0.67 
45 50 1.2 1.3 0.85 3.3 0.85 
45 50 1.2 1.5 0.2 1.5 0.35 
45 50 1.2 1.5 0.25 1.5 0.5 
45 50 1.2 1.5 0.28 3.72 0.27 
45 50 1.2 1.5 0.67 5.7 0.67 
45 50 1.2 1.5 0.85 3.3 0.85 
45 50 1.2 1.8 0.2 1.5 0.35 
45 50 1.2 1.8 0.25 1.5 0.5 
45 50 1.2 1.8 0.28 3.72 0.27 
45 50 1.2 1.8 0.67 5.7 0.67 
45 50 1.2 1.8 0.85 3.3 0.85 
45 50 1.5 0.6 0.2 1.5 0.35 
45 50 1.5 0.6 0.25 1.5 0.5 
45 50 1.5 0.6 0.28 3.72 0.27 
45 50 1.5 0.6 0.67 5.7 0.67 
45 50 1.5 0.6 0.85 3.3 0.85 
45 50 1.5 1.0 0.2 1.5 0.35 
45 50 1.5 1.0 0.25 1.5 0.5 
45 50 1.5 1.0 0.28 3.72 0.27 
45 50 1.5 1.0 0.67 5.7 0.67 
45 50 1.5 1.0 0.85 3.3 0.85 
45 50 1.5 1.3 0.2 1.5 0.35 
45 50 1.5 1.3 0.25 1.5 0.5 
45 50 1.5 1.3 0.28 3.72 0.27 
45 50 1.5 1.3 0.67 5.7 0.67 
45 50 1.5 1.3 0.85 3.3 0.85 
45 50 1.5 1.5 0.2 1.5 0.35 
45 50 1.5 1.5 0.25 1.5 0.5 
45 50 1.5 1.5 0.28 3.72 0.27 
45 50 1.5 1.5 0.67 5.7 0.67 
45 50 1.5 1.5 0.85 3.3 0.85 
45 50 1.5 1.8 0.2 1.5 0.35 
45 50 1.5 1.8 0.25 1.5 0.5 
45 50 1.5 1.8 0.28 3.72 0.27 
45 50 1.5 1.8 0.67 5.7 0.67 
45 50 1.5 1.8 0.85 3.3 0.85 
45 60 0.3 0.6 0.2 1.5 0.35 
45 60 0.3 0.6 0.25 1.5 0.5 
45 60 0.3 0.6 0.28 3.72 0.27 
45 60 0.3 0.6 0.67 5.7 0.67 
45 60 0.3 0.6 0.85 3.3 0.85 
45 60 0.3 1.0 0.2 1.5 0.35 
45 60 0.3 1.0 0.25 1.5 0.5 
45 60 0.3 1.0 0.28 3.72 0.27 
45 60 0.3 1.0 0.67 5.7 0.67 
45 60 0.3 1.0 0.85 3.3 0.85 
45 60 0.3 1.3 0.2 1.5 0.35 
45 60 0.3 1.3 0.25 1.5 0.5 
45 60 0.3 1.3 0.28 3.72 0.27 
45 60 0.3 1.3 0.67 5.7 0.67 
45 60 0.3 1.3 0.85 3.3 0.85 
45 60 0.3 1.5 0.2 1.5 0.35 
45 60 0.3 1.5 0.25 1.5 0.5 
45 60 0.3 1.5 0.28 3.72 0.27 
45 60 0.3 1.5 0.67 5.7 0.67 
45 60 0.3 1.5 0.85 3.3 0.85 
45 60 0.3 1.8 0.2 1.5 0.35 
45 60 0.3 1.8 0.25 1.5 0.5 
45 60 0.3 1.8 0.28 3.72 0.27 
45 60 0.3 1.8 0.67 5.7 0.67 
45 60 0.3 1.8 0.85 3.3 0.85 
45 60 0.5 0.6 0.2 1.5 0.35 
45 60 0.5 0.6 0.25 1.5 0.5 
45 60 0.5 0.6 0.28 3.72 0.27 
45 60 0.5 0.6 0.67 5.7 0.67 
45 60 0.5 0.6 0.85 3.3 0.85 
45 60 0.5 1.0 0.2 1.5 0.35 
45 60 0.5 1.0 0.25 1.5 0.5 
45 60 0.5 1.0 0.28 3.72 0.27 
45 60 0.5 1.0 0.67 5.7 0.67 
45 60 0.5 1.0 0.85 3.3 0.85 
45 60 0.5 1.3 0.2 1.5 0.35 
45 60 0.5 1.3 0.25 1.5 0.5 
45 60 0.5 1.3 0.28 3.72 0.27 
45 60 0.5 1.3 0.67 5.7 0.67 
45 60 0.5 1.3 0.85 3.3 0.85 
45 60 0.5 1.5 0.2 1.5 0.35 
45 60 0.5 1.5 0.25 1.5 0.5 
45 60 0.5 1.5 0.28 3.72 0.27 
45 60 0.5 1.5 0.67 5.7 0.67 
45 60 0.5 1.5 0.85 3.3 0.85 
45 60 0.5 1.8 0.2 1.5 0.35 
45 60 0.5 1.8 0.25 1.5 0.5 
45 60 0.5 1.8 0.28 3.72 0.27 
45 60 0.5 1.8 0.67 5.7 0.67 
45 60 0.5 1.8 0.85 3.3 0.85 
45 60 0.8 0.6 0.2 1.5 0.35 
45 60 0.8 0.6 0.25 1.5 0.5 
45 60 0.8 0.6 0.28 3.72 0.27 
45 60 0.8 0.6 0.67 5.7 0.67 
45 60 0.8 0.6 0.85 3.3 0.85 
45 60 0.8 1.0 0.2 1.5 0.35 
45 60 0.8 1.0 0.25 1.5 0.5 
45 60 0.8 1.0 0.28 3.72 0.27 
45 60 0.8 1.0 0.67 5.7 0.67 
45 60 0.8 1.0 0.85 3.3 0.85 
45 60 0.8 1.3 0.2 1.5 0.35 
45 60 0.8 1.3 0.25 1.5 0.5 
45 60 0.8 1.3 0.28 3.72 0.27 
45 60 0.8 1.3 0.67 5.7 0.67 
45 60 0.8 1.3 0.85 3.3 0.85 
45 60 0.8 1.5 0.2 1.5 0.35 
45 60 0.8 1.5 0.25 1.5 0.5 
45 60 0.8 1.5 0.28 3.72 0.27 
45 60 0.8 1.5 0.67 5.7 0.67 
45 60 0.8 1.5 0.85 3.3 0.85 
45 60 0.8 1.8 0.2 1.5 0.35 
45 60 0.8 1.8 0.25 1.5 0.5 
45 60 0.8 1.8 0.28 3.72 0.27 
45 60 0.8 1.8 0.67 5.7 0.67 
45 60 0.8 1.8 0.85 3.3 0.85 
45 60 1.2 0.6 0.2 1.5 0.35 
45 60 1.2 0.6 0.25 1.5 0.5 
45 60 1.2 0.6 0.28 3.72 0.27 
45 60 1.2 0.6 0.67 5.7 0.67 
45 60 1.2 0.6 0.85 3.3 0.85 
45 60 1.2 1.0 0.2 1.5 0.35 
45 60 1.2 1.0 0.25 1.5 0.5 
45 60 1.2 1.0 0.28 3.72 0.27 
45 60 1.2 1.0 0.67 5.7 0.67 
45 60 1.2 1.0 0.85 3.3 0.85 
45 60 1.2 1.3 0.2 1.5 0.35 
45 60 1.2 1.3 0.25 1.5 0.5 
45 60 1.2 1.3 0.28 3.72 0.27 
45 60 1.2 1.3 0.67 5.7 0.67 
45 60 1.2 1.3 0.85 3.3 0.85 
45 60 1.2 1.5 0.2 1.5 0.35 
45 60 1.2 1.5 0.25 1.5 0.5 
45 60 1.2 1.5 0.28 3.72 0.27 
45 60 1.2 1.5 0.67 5.7 0.67 
45 60 1.2 1.5 0.85 3.3 0.85 
45 60 1.2 1.8 0.2 1.5 0.35 
45 60 1.2 1.8 0.25 1.5 0.5 
45 60 1.2 1.8 0.28 3.72 0.27 
45 60 1.2 1.8 0.67 5.7 0.67 
45 60 1.2 1.8 0.85 3.3 0.85 
45 60 1.5 0.6 0.2 1.5 0.35 
45 60 1.5 0.6 0.25 1.5 0.5 
45 60 1.5 0.6 0.28 3.72 0.27 
45 60 1.5 0.6 0.67 5.7 0.67 
45 60 1.5 0.6 0.85 3.3 0.85 
45 60 1.5 1.0 0.2 1.5 0.35 
45 60 1.5 1.0 0.25 1.5 0.5 
45 60 1.5 1.0 0.28 3.72 0.27 
45 60 1.5 1.0 0.67 5.7 0.67 
45 60 1.5 1.0 0.85 3.3 0.85 
45 60 1.5 1.3 0.2 1.5 0.35 
45 60 1.5 1.3 0.25 1.5 0.5 
45 60 1.5 1.3 0.28 3.72 0.27 
45 60 1.5 1.3 0.67 5.7 0.67 
45 60 1.5 1.3 0.85 3.3 0.85 
45 60 1.5 1.5 0.2 1.5 0.35 
45 60 1.5 1.5 0.25 1.5 0.5 
45 60 1.5 1.5 0.28 3.72 0.27 
45 60 1.5 1.5 0.67 5.7 0.67 
45 60 1.5 1.5 0.85 3.3 0.85 
45 60 1.5 1.8 0.2 1.5 0.35 
45 60 1.5 1.8 0.25 1.5 0.5 
45 60 1.5 1.8 0.28 3.72 0.27 
45 60 1.5 1.8 0.67 5.7 0.67 
45 60 1.5 1.8 0.85 3.3 0.85 
45 80 0.3 0.6 0.2 1.5 0.35 
45 80 0.3 0.6 0.25 1.5 0.5 
45 80 0.3 0.6 0.28 3.72 0.27 
45 80 0.3 0.6 0.67 5.7 0.67 
45 80 0.3 0.6 0.85 3.3 0.85 
45 80 0.3 1.0 0.2 1.5 0.35 
45 80 0.3 1.0 0.25 1.5 0.5 
45 80 0.3 1.0 0.28 3.72 0.27 
45 80 0.3 1.0 0.67 5.7 0.67 
45 80 0.3 1.0 0.85 3.3 0.85 
45 80 0.3 1.3 0.2 1.5 0.35 
45 80 0.3 1.3 0.25 1.5 0.5 
45 80 0.3 1.3 0.28 3.72 0.27 
45 80 0.3 1.3 0.67 5.7 0.67 
45 80 0.3 1.3 0.85 3.3 0.85 
45 80 0.3 1.5 0.2 1.5 0.35 
45 80 0.3 1.5 0.25 1.5 0.5 
45 80 0.3 1.5 0.28 3.72 0.27 
45 80 0.3 1.5 0.67 5.7 0.67 
45 80 0.3 1.5 0.85 3.3 0.85 
45 80 0.3 1.8 0.2 1.5 0.35 
45 80 0.3 1.8 0.25 1.5 0.5 
45 80 0.3 1.8 0.28 3.72 0.27 
45 80 0.3 1.8 0.67 5.7 0.67 
45 80 0.3 1.8 0.85 3.3 0.85 
45 80 0.5 0.6 0.2 1.5 0.35 
45 80 0.5 0.6 0.25 1.5 0.5 
45 80 0.5 0.6 0.28 3.72 0.27 
45 80 0.5 0.6 0.67 5.7 0.67 
45 80 0.5 0.6 0.85 3.3 0.85 
45 80 0.5 1.0 0.2 1.5 0.35 
45 80 0.5 1.0 0.25 1.5 0.5 
45 80 0.5 1.0 0.28 3.72 0.27 
45 80 0.5 1.0 0.67 5.7 0.67 
45 80 0.5 1.0 0.85 3.3 0.85 
45 80 0.5 1.3 0.2 1.5 0.35 
45 80 0.5 1.3 0.25 1.5 0.5 
45 80 0.5 1.3 0.28 3.72 0.27 
45 80 0.5 1.3 0.67 5.7 0.67 
45 80 0.5 1.3 0.85 3.3 0.85 
45 80 0.5 1.5 0.2 1.5 0.35 
45 80 0.5 1.5 0.25 1.5 0.5 
45 80 0.5 1.5 0.28 3.72 0.27 
45 80 0.5 1.5 0.67 5.7 0.67 
45 80 0.5 1.5 0.85 3.3 0.85 
45 80 0.5 1.8 0.2 1.5 0.35 
45 80 0.5 1.8 0.25 1.5 0.5 
45 80 0.5 1.8 0.28 3.72 0.27 
45 80 0.5 1.8 0.67 5.7 0.67 
45 80 0.5 1.8 0.85 3.3 0.85 
45 80 0.8 0.6 0.2 1.5 0.35 
45 80 0.8 0.6 0.25 1.5 0.5 
45 80 0.8 0.6 0.28 3.72 0.27 
45 80 0.8 0.6 0.67 5.7 0.67 
45 80 0.8 0.6 0.85 3.3 0.85 
45 80 0.8 1.0 0.2 1.5 0.35 
45 80 0.8 1.0 0.25 1.5 0.5 
45 80 0.8 1.0 0.28 3.72 0.27 
45 80 0.8 1.0 0.67 5.7 0.67 
45 80 0.8 1.0 0.85 3.3 0.85 
45 80 0.8 1.3 0.2 1.5 0.35 
45 80 0.8 1.3 0.25 1.5 0.5 
45 80 0.8 1.3 0.28 3.72 0.27 
45 80 0.8 1.3 0.67 5.7 0.67 
45 80 0.8 1.3 0.85 3.3 0.85 
45 80 0.8 1.5 0.2 1.5 0.35 
45 80 0.8 1.5 0.25 1.5 0.5 
45 80 0.8 1.5 0.28 3.72 0.27 
45 80 0.8 1.5 0.67 5.7 0.67 
45 80 0.8 1.5 0.85 3.3 0.85 
45 80 0.8 1.8 0.2 1.5 0.35 
45 80 0.8 1.8 0.25 1.5 0.5 
45 80 0.8 1.8 0.28 3.72 0.27 
45 80 0.8 1.8 0.67 5.7 0.67 
45 80 0.8 1.8 0.85 3.3 0.85 
45 80 1.2 0.6 0.2 1.5 0.35 
45 80 1.2 0.6 0.25 1.5 0.5 
45 80 1.2 0.6 0.28 3.72 0.27 
45 80 1.2 0.6 0.67 5.7 0.67 
45 80 1.2 0.6 0.85 3.3 0.85 
45 80 1.2 1.0 0.2 1.5 0.35 
45 80 1.2 1.0 0.25 1.5 0.5 
45 80 1.2 1.0 0.28 3.72 0.27 
45 80 1.2 1.0 0.67 5.7 0.67 
45 80 1.2 1.0 0.85 3.3 0.85 
45 80 1.2 1.3 0.2 1.5 0.35 
45 80 1.2 1.3 0.25 1.5 0.5 
45 80 1.2 1.3 0.28 3.72 0.27 
45 80 1.2 1.3 0.67 5.7 0.67 
45 80 1.2 1.3 0.85 3.3 0.85 
45 80 1.2 1.5 0.2 1.5 0.35 
45 80 1.2 1.5 0.25 1.5 0.5 
45 80 1.2 1.5 0.28 3.72 0.27 
45 80 1.2 1.5 0.67 5.7 0.67 
45 80 1.2 1.5 0.85 3.3 0.85 
45 80 1.2 1.8 0.2 1.5 0.35 
45 80 1.2 1.8 0.25 1.5 0.5 
45 80 1.2 1.8 0.28 3.72 0.27 
45 80 1.2 1.8 0.67 5.7 0.67 
45 80 1.2 1.8 0.85 3.3 0.85 
45 80 1.5 0.6 0.2 1.5 0.35 
45 80 1.5 0.6 0.25 1.5 0.5 
45 80 1.5 0.6 0.28 3.72 0.27 
45 80 1.5 0.6 0.67 5.7 0.67 
45 80 1.5 0.6 0.85 3.3 0.85 
45 80 1.5 1.0 0.2 1.5 0.35 
45 80 1.5 1.0 0.25 1.5 0.5 
45 80 1.5 1.0 0.28 3.72 0.27 
45 80 1.5 1.0 0.67 5.7 0.67 
45 80 1.5 1.0 0.85 3.3 0.85 
45 80 1.5 1.3 0.2 1.5 0.35 
45 80 1.5 1.3 0.25 1.5 0.5 
45 80 1.5 1.3 0.28 3.72 0.27 
45 80 1.5 1.3 0.67 5.7 0.67 
45 80 1.5 1.3 0.85 3.3 0.85 
45 80 1.5 1.5 0.2 1.5 0.35 
45 80 1.5 1.5 0.25 1.5 0.5 
45 80 1.5 1.5 0.28 3.72 0.27 
45 80 1.5 1.5 0.67 5.7 0.67 
45 80 1.5 1.5 0.85 3.3 0.85 
45 80 1.5 1.8 0.2 1.5 0.35 
45 80 1.5 1.8 0.25 1.5 0.5 
45 80 1.5 1.8 0.28 3.72 0.27 
45 80 1.5 1.8 0.67 5.7 0.67 
45 80 1.5 1.8 0.85 3.3 0.85 
90 20 0.3 0.6 0.2 1.5 0.35 
90 20 0.3 0.6 0.25 1.5 0.5 
90 20 0.3 0.6 0.28 3.72 0.27 
90 20 0.3 0.6 0.67 5.7 0.67 
90 20 0.3 0.6 0.85 3.3 0.85 
90 20 0.3 1.0 0.2 1.5 0.35 
90 20 0.3 1.0 0.25 1.5 0.5 
90 20 0.3 1.0 0.28 3.72 0.27 
90 20 0.3 1.0 0.67 5.7 0.67 
90 20 0.3 1.0 0.85 3.3 0.85 
90 20 0.3 1.3 0.2 1.5 0.35 
90 20 0.3 1.3 0.25 1.5 0.5 
90 20 0.3 1.3 0.28 3.72 0.27 
90 20 0.3 1.3 0.67 5.7 0.67 
90 20 0.3 1.3 0.85 3.3 0.85 
90 20 0.3 1.5 0.2 1.5 0.35 
90 20 0.3 1.5 0.25 1.5 0.5 
90 20 0.3 1.5 0.28 3.72 0.27 
90 20 0.3 1.5 0.67 5.7 0.67 
90 20 0.3 1.5 0.85 3.3 0.85 
90 20 0.3 1.8 0.2 1.5 0.35 
90 20 0.3 1.8 0.25 1.5 0.5 
90 20 0.3 1.8 0.28 3.72 0.27 
90 20 0.3 1.8 0.67 5.7 0.67 
90 20 0.3 1.8 0.85 3.3 0.85 
90 20 0.5 0.6 0.2 1.5 0.35 
90 20 0.5 0.6 0.25 1.5 0.5 
90 20 0.5 0.6 0.28 3.72 0.27 
90 20 0.5 0.6 0.67 5.7 0.67 
90 20 0.5 0.6 0.85 3.3 0.85 
90 20 0.5 1.0 0.2 1.5 0.35 
90 20 0.5 1.0 0.25 1.5 0.5 
90 20 0.5 1.0 0.28 3.72 0.27 
90 20 0.5 1.0 0.67 5.7 0.67 
90 20 0.5 1.0 0.85 3.3 0.85 
90 20 0.5 1.3 0.2 1.5 0.35 
90 20 0.5 1.3 0.25 1.5 0.5 
90 20 0.5 1.3 0.28 3.72 0.27 
90 20 0.5 1.3 0.67 5.7 0.67 
90 20 0.5 1.3 0.85 3.3 0.85 
90 20 0.5 1.5 0.2 1.5 0.35 
90 20 0.5 1.5 0.25 1.5 0.5 
90 20 0.5 1.5 0.28 3.72 0.27 
90 20 0.5 1.5 0.67 5.7 0.67 
90 20 0.5 1.5 0.85 3.3 0.85 
90 20 0.5 1.8 0.2 1.5 0.35 
90 20 0.5 1.8 0.25 1.5 0.5 
90 20 0.5 1.8 0.28 3.72 0.27 
90 20 0.5 1.8 0.67 5.7 0.67 
90 20 0.5 1.8 0.85 3.3 0.85 
90 20 0.8 0.6 0.2 1.5 0.35 
90 20 0.8 0.6 0.25 1.5 0.5 
90 20 0.8 0.6 0.28 3.72 0.27 
90 20 0.8 0.6 0.67 5.7 0.67 
90 20 0.8 0.6 0.85 3.3 0.85 
90 20 0.8 1.0 0.2 1.5 0.35 
90 20 0.8 1.0 0.25 1.5 0.5 
90 20 0.8 1.0 0.28 3.72 0.27 
90 20 0.8 1.0 0.67 5.7 0.67 
90 20 0.8 1.0 0.85 3.3 0.85 
90 20 0.8 1.3 0.2 1.5 0.35 
90 20 0.8 1.3 0.25 1.5 0.5 
90 20 0.8 1.3 0.28 3.72 0.27 
90 20 0.8 1.3 0.67 5.7 0.67 
90 20 0.8 1.3 0.85 3.3 0.85 
90 20 0.8 1.5 0.2 1.5 0.35 
90 20 0.8 1.5 0.25 1.5 0.5 
90 20 0.8 1.5 0.28 3.72 0.27 
90 20 0.8 1.5 0.67 5.7 0.67 
90 20 0.8 1.5 0.85 3.3 0.85 
90 20 0.8 1.8 0.2 1.5 0.35 
90 20 0.8 1.8 0.25 1.5 0.5 
90 20 0.8 1.8 0.28 3.72 0.27 
90 20 0.8 1.8 0.67 5.7 0.67 
90 20 0.8 1.8 0.85 3.3 0.85 
90 20 1.2 0.6 0.2 1.5 0.35 
90 20 1.2 0.6 0.25 1.5 0.5 
90 20 1.2 0.6 0.28 3.72 0.27 
90 20 1.2 0.6 0.67 5.7 0.67 
90 20 1.2 0.6 0.85 3.3 0.85 
90 20 1.2 1.0 0.2 1.5 0.35 
90 20 1.2 1.0 0.25 1.5 0.5 
90 20 1.2 1.0 0.28 3.72 0.27 
90 20 1.2 1.0 0.67 5.7 0.67 
90 20 1.2 1.0 0.85 3.3 0.85 
90 20 1.2 1.3 0.2 1.5 0.35 
90 20 1.2 1.3 0.25 1.5 0.5 
90 20 1.2 1.3 0.28 3.72 0.27 
90 20 1.2 1.3 0.67 5.7 0.67 
90 20 1.2 1.3 0.85 3.3 0.85 
90 20 1.2 1.5 0.2 1.5 0.35 
90 20 1.2 1.5 0.25 1.5 0.5 
90 20 1.2 1.5 0.28 3.72 0.27 
90 20 1.2 1.5 0.67 5.7 0.67 
90 20 1.2 1.5 0.85 3.3 0.85 
90 20 1.2 1.8 0.2 1.5 0.35 
90 20 1.2 1.8 0.25 1.5 0.5 
90 20 1.2 1.8 0.28 3.72 0.27 
90 20 1.2 1.8 0.67 5.7 0.67 
90 20 1.2 1.8 0.85 3.3 0.85 
90 20 1.5 0.6 0.2 1.5 0.35 
90 20 1.5 0.6 0.25 1.5 0.5 
90 20 1.5 0.6 0.28 3.72 0.27 
90 20 1.5 0.6 0.67 5.7 0.67 
90 20 1.5 0.6 0.85 3.3 0.85 
90 20 1.5 1.0 0.2 1.5 0.35 
90 20 1.5 1.0 0.25 1.5 0.5 
90 20 1.5 1.0 0.28 3.72 0.27 
90 20 1.5 1.0 0.67 5.7 0.67 
90 20 1.5 1.0 0.85 3.3 0.85 
90 20 1.5 1.3 0.2 1.5 0.35 
90 20 1.5 1.3 0.25 1.5 0.5 
90 20 1.5 1.3 0.28 3.72 0.27 
90 20 1.5 1.3 0.67 5.7 0.67 
90 20 1.5 1.3 0.85 3.3 0.85 
90 20 1.5 1.5 0.2 1.5 0.35 
90 20 1.5 1.5 0.25 1.5 0.5 
90 20 1.5 1.5 0.28 3.72 0.27 
90 20 1.5 1.5 0.67 5.7 0.67 
90 20 1.5 1.5 0.85 3.3 0.85 
90 20 1.5 1.8 0.2 1.5 0.35 
90 20 1.5 1.8 0.25 1.5 0.5 
90 20 1.5 1.8 0.28 3.72 0.27 
90 20 1.5 1.8 0.67 5.7 0.67 
90 20 1.5 1.8 0.85 3.3 0.85 
90 40 0.3 0.6 0.2 1.5 0.35 
90 40 0.3 0.6 0.25 1.5 0.5 
90 40 0.3 0.6 0.28 3.72 0.27 
90 40 0.3 0.6 0.67 5.7 0.67 
90 40 0.3 0.6 0.85 3.3 0.85 
90 40 0.3 1.0 0.2 1.5 0.35 
90 40 0.3 1.0 0.25 1.5 0.5 
90 40 0.3 1.0 0.28 3.72 0.27 
90 40 0.3 1.0 0.67 5.7 0.67 
90 40 0.3 1.0 0.85 3.3 0.85 
90 40 0.3 1.3 0.2 1.5 0.35 
90 40 0.3 1.3 0.25 1.5 0.5 
90 40 0.3 1.3 0.28 3.72 0.27 
90 40 0.3 1.3 0.67 5.7 0.67 
90 40 0.3 1.3 0.85 3.3 0.85 
90 40 0.3 1.5 0.2 1.5 0.35 
90 40 0.3 1.5 0.25 1.5 0.5 
90 40 0.3 1.5 0.28 3.72 0.27 
90 40 0.3 1.5 0.67 5.7 0.67 
90 40 0.3 1.5 0.85 3.3 0.85 
90 40 0.3 1.8 0.2 1.5 0.35 
90 40 0.3 1.8 0.25 1.5 0.5 
90 40 0.3 1.8 0.28 3.72 0.27 
90 40 0.3 1.8 0.67 5.7 0.67 
90 40 0.3 1.8 0.85 3.3 0.85 
90 40 0.5 0.6 0.2 1.5 0.35 
90 40 0.5 0.6 0.25 1.5 0.5 
90 40 0.5 0.6 0.28 3.72 0.27 
90 40 0.5 0.6 0.67 5.7 0.67 
90 40 0.5 0.6 0.85 3.3 0.85 
90 40 0.5 1.0 0.2 1.5 0.35 
90 40 0.5 1.0 0.25 1.5 0.5 
90 40 0.5 1.0 0.28 3.72 0.27 
90 40 0.5 1.0 0.67 5.7 0.67 
90 40 0.5 1.0 0.85 3.3 0.85 
90 40 0.5 1.3 0.2 1.5 0.35 
90 40 0.5 1.3 0.25 1.5 0.5 
90 40 0.5 1.3 0.28 3.72 0.27 
90 40 0.5 1.3 0.67 5.7 0.67 
90 40 0.5 1.3 0.85 3.3 0.85 
90 40 0.5 1.5 0.2 1.5 0.35 
90 40 0.5 1.5 0.25 1.5 0.5 
90 40 0.5 1.5 0.28 3.72 0.27 
90 40 0.5 1.5 0.67 5.7 0.67 
90 40 0.5 1.5 0.85 3.3 0.85 
90 40 0.5 1.8 0.2 1.5 0.35 
90 40 0.5 1.8 0.25 1.5 0.5 
90 40 0.5 1.8 0.28 3.72 0.27 
90 40 0.5 1.8 0.67 5.7 0.67 
90 40 0.5 1.8 0.85 3.3 0.85 
90 40 0.8 0.6 0.2 1.5 0.35 
90 40 0.8 0.6 0.25 1.5 0.5 
90 40 0.8 0.6 0.28 3.72 0.27 
90 40 0.8 0.6 0.67 5.7 0.67 
90 40 0.8 0.6 0.85 3.3 0.85 
90 40 0.8 1.0 0.2 1.5 0.35 
90 40 0.8 1.0 0.25 1.5 0.5 
90 40 0.8 1.0 0.28 3.72 0.27 
90 40 0.8 1.0 0.67 5.7 0.67 
90 40 0.8 1.0 0.85 3.3 0.85 
90 40 0.8 1.3 0.2 1.5 0.35 
90 40 0.8 1.3 0.25 1.5 0.5 
90 40 0.8 1.3 0.28 3.72 0.27 
90 40 0.8 1.3 0.67 5.7 0.67 
90 40 0.8 1.3 0.85 3.3 0.85 
90 40 0.8 1.5 0.2 1.5 0.35 
90 40 0.8 1.5 0.25 1.5 0.5 
90 40 0.8 1.5 0.28 3.72 0.27 
90 40 0.8 1.5 0.67 5.7 0.67 
90 40 0.8 1.5 0.85 3.3 0.85 
90 40 0.8 1.8 0.2 1.5 0.35 
90 40 0.8 1.8 0.25 1.5 0.5 
90 40 0.8 1.8 0.28 3.72 0.27 
90 40 0.8 1.8 0.67 5.7 0.67 
90 40 0.8 1.8 0.85 3.3 0.85 
90 40 1.2 0.6 0.2 1.5 0.35 
90 40 1.2 0.6 0.25 1.5 0.5 
90 40 1.2 0.6 0.28 3.72 0.27 
90 40 1.2 0.6 0.67 5.7 0.67 
90 40 1.2 0.6 0.85 3.3 0.85 
90 40 1.2 1.0 0.2 1.5 0.35 
90 40 1.2 1.0 0.25 1.5 0.5 
90 40 1.2 1.0 0.28 3.72 0.27 
90 40 1.2 1.0 0.67 5.7 0.67 
90 40 1.2 1.0 0.85 3.3 0.85 
90 40 1.2 1.3 0.2 1.5 0.35 
90 40 1.2 1.3 0.25 1.5 0.5 
90 40 1.2 1.3 0.28 3.72 0.27 
90 40 1.2 1.3 0.67 5.7 0.67 
90 40 1.2 1.3 0.85 3.3 0.85 
90 40 1.2 1.5 0.2 1.5 0.35 
90 40 1.2 1.5 0.25 1.5 0.5 
90 40 1.2 1.5 0.28 3.72 0.27 
90 40 1.2 1.5 0.67 5.7 0.67 
90 40 1.2 1.5 0.85 3.3 0.85 
90 40 1.2 1.8 0.2 1.5 0.35 
90 40 1.2 1.8 0.25 1.5 0.5 
90 40 1.2 1.8 0.28 3.72 0.27 
90 40 1.2 1.8 0.67 5.7 0.67 
90 40 1.2 1.8 0.85 3.3 0.85 
90 40 1.5 0.6 0.2 1.5 0.35 
90 40 1.5 0.6 0.25 1.5 0.5 
90 40 1.5 0.6 0.28 3.72 0.27 
90 40 1.5 0.6 0.67 5.7 0.67 
90 40 1.5 0.6 0.85 3.3 0.85 
90 40 1.5 1.0 0.2 1.5 0.35 
90 40 1.5 1.0 0.25 1.5 0.5 
90 40 1.5 1.0 0.28 3.72 0.27 
90 40 1.5 1.0 0.67 5.7 0.67 
90 40 1.5 1.0 0.85 3.3 0.85 
90 40 1.5 1.3 0.2 1.5 0.35 
90 40 1.5 1.3 0.25 1.5 0.5 
90 40 1.5 1.3 0.28 3.72 0.27 
90 40 1.5 1.3 0.67 5.7 0.67 
90 40 1.5 1.3 0.85 3.3 0.85 
90 40 1.5 1.5 0.2 1.5 0.35 
90 40 1.5 1.5 0.25 1.5 0.5 
90 40 1.5 1.5 0.28 3.72 0.27 
90 40 1.5 1.5 0.67 5.7 0.67 
90 40 1.5 1.5 0.85 3.3 0.85 
90 40 1.5 1.8 0.2 1.5 0.35 
90 40 1.5 1.8 0.25 1.5 0.5 
90 40 1.5 1.8 0.28 3.72 0.27 
90 40 1.5 1.8 0.67 5.7 0.67 
90 40 1.5 1.8 0.85 3.3 0.85 
90 50 0.3 0.6 0.2 1.5 0.35 
90 50 0.3 0.6 0.25 1.5 0.5 
90 50 0.3 0.6 0.28 3.72 0.27 
90 50 0.3 0.6 0.67 5.7 0.67 
90 50 0.3 0.6 0.85 3.3 0.85 
90 50 0.3 1.0 0.2 1.5 0.35 
90 50 0.3 1.0 0.25 1.5 0.5 
90 50 0.3 1.0 0.28 3.72 0.27 
90 50 0.3 1.0 0.67 5.7 0.67 
90 50 0.3 1.0 0.85 3.3 0.85 
90 50 0.3 1.3 0.2 1.5 0.35 
90 50 0.3 1.3 0.25 1.5 0.5 
90 50 0.3 1.3 0.28 3.72 0.27 
90 50 0.3 1.3 0.67 5.7 0.67 
90 50 0.3 1.3 0.85 3.3 0.85 
90 50 0.3 1.5 0.2 1.5 0.35 
90 50 0.3 1.5 0.25 1.5 0.5 
90 50 0.3 1.5 0.28 3.72 0.27 
90 50 0.3 1.5 0.67 5.7 0.67 
90 50 0.3 1.5 0.85 3.3 0.85 
90 50 0.3 1.8 0.2 1.5 0.35 
90 50 0.3 1.8 0.25 1.5 0.5 
90 50 0.3 1.8 0.28 3.72 0.27 
90 50 0.3 1.8 0.67 5.7 0.67 
90 50 0.3 1.8 0.85 3.3 0.85 
90 50 0.5 0.6 0.2 1.5 0.35 
90 50 0.5 0.6 0.25 1.5 0.5 
90 50 0.5 0.6 0.28 3.72 0.27 
90 50 0.5 0.6 0.67 5.7 0.67 
90 50 0.5 0.6 0.85 3.3 0.85 
90 50 0.5 1.0 0.2 1.5 0.35 
90 50 0.5 1.0 0.25 1.5 0.5 
90 50 0.5 1.0 0.28 3.72 0.27 
90 50 0.5 1.0 0.67 5.7 0.67 
90 50 0.5 1.0 0.85 3.3 0.85 
90 50 0.5 1.3 0.2 1.5 0.35 
90 50 0.5 1.3 0.25 1.5 0.5 
90 50 0.5 1.3 0.28 3.72 0.27 
90 50 0.5 1.3 0.67 5.7 0.67 
90 50 0.5 1.3 0.85 3.3 0.85 
90 50 0.5 1.5 0.2 1.5 0.35 
90 50 0.5 1.5 0.25 1.5 0.5 
90 50 0.5 1.5 0.28 3.72 0.27 
90 50 0.5 1.5 0.67 5.7 0.67 
90 50 0.5 1.5 0.85 3.3 0.85 
90 50 0.5 1.8 0.2 1.5 0.35 
90 50 0.5 1.8 0.25 1.5 0.5 
90 50 0.5 1.8 0.28 3.72 0.27 
90 50 0.5 1.8 0.67 5.7 0.67 
90 50 0.5 1.8 0.85 3.3 0.85 
90 50 0.8 0.6 0.2 1.5 0.35 
90 50 0.8 0.6 0.25 1.5 0.5 
90 50 0.8 0.6 0.28 3.72 0.27 
90 50 0.8 0.6 0.67 5.7 0.67 
90 50 0.8 0.6 0.85 3.3 0.85 
90 50 0.8 1.0 0.2 1.5 0.35 
90 50 0.8 1.0 0.25 1.5 0.5 
90 50 0.8 1.0 0.28 3.72 0.27 
90 50 0.8 1.0 0.67 5.7 0.67 
90 50 0.8 1.0 0.85 3.3 0.85 
90 50 0.8 1.3 0.2 1.5 0.35 
90 50 0.8 1.3 0.25 1.5 0.5 
90 50 0.8 1.3 0.28 3.72 0.27 
90 50 0.8 1.3 0.67 5.7 0.67 
90 50 0.8 1.3 0.85 3.3 0.85 
90 50 0.8 1.5 0.2 1.5 0.35 
90 50 0.8 1.5 0.25 1.5 0.5 
90 50 0.8 1.5 0.28 3.72 0.27 
90 50 0.8 1.5 0.67 5.7 0.67 
90 50 0.8 1.5 0.85 3.3 0.85 
90 50 0.8 1.8 0.2 1.5 0.35 
90 50 0.8 1.8 0.25 1.5 0.5 
90 50 0.8 1.8 0.28 3.72 0.27 
90 50 0.8 1.8 0.67 5.7 0.67 
90 50 0.8 1.8 0.85 3.3 0.85 
90 50 1.2 0.6 0.2 1.5 0.35 
90 50 1.2 0.6 0.25 1.5 0.5 
90 50 1.2 0.6 0.28 3.72 0.27 
90 50 1.2 0.6 0.67 5.7 0.67 
90 50 1.2 0.6 0.85 3.3 0.85 
90 50 1.2 1.0 0.2 1.5 0.35 
90 50 1.2 1.0 0.25 1.5 0.5 
90 50 1.2 1.0 0.28 3.72 0.27 
90 50 1.2 1.0 0.67 5.7 0.67 
90 50 1.2 1.0 0.85 3.3 0.85 
90 50 1.2 1.3 0.2 1.5 0.35 
90 50 1.2 1.3 0.25 1.5 0.5 
90 50 1.2 1.3 0.28 3.72 0.27 
90 50 1.2 1.3 0.67 5.7 0.67 
90 50 1.2 1.3 0.85 3.3 0.85 
90 50 1.2 1.5 0.2 1.5 0.35 
90 50 1.2 1.5 0.25 1.5 0.5 
90 50 1.2 1.5 0.28 3.72 0.27 
90 50 1.2 1.5 0.67 5.7 0.67 
90 50 1.2 1.5 0.85 3.3 0.85 
90 50 1.2 1.8 0.2 1.5 0.35 
90 50 1.2 1.8 0.25 1.5 0.5 
90 50 1.2 1.8 0.28 3.72 0.27 
90 50 1.2 1.8 0.67 5.7 0.67 
90 50 1.2 1.8 0.85 3.3 0.85 
90 50 1.5 0.6 0.2 1.5 0.35 
90 50 1.5 0.6 0.25 1.5 0.5 
90 50 1.5 0.6 0.28 3.72 0.27 
90 50 1.5 0.6 0.67 5.7 0.67 
90 50 1.5 0.6 0.85 3.3 0.85 
90 50 1.5 1.0 0.2 1.5 0.35 
90 50 1.5 1.0 0.25 1.5 0.5 
90 50 1.5 1.0 0.28 3.72 0.27 
90 50 1.5 1.0 0.67 5.7 0.67 
90 50 1.5 1.0 0.85 3.3 0.85 
90 50 1.5 1.3 0.2 1.5 0.35 
90 50 1.5 1.3 0.25 1.5 0.5 
90 50 1.5 1.3 0.28 3.72 0.27 
90 50 1.5 1.3 0.67 5.7 0.67 
90 50 1.5 1.3 0.85 3.3 0.85 
90 50 1.5 1.5 0.2 1.5 0.35 
90 50 1.5 1.5 0.25 1.5 0.5 
90 50 1.5 1.5 0.28 3.72 0.27 
90 50 1.5 1.5 0.67 5.7 0.67 
90 50 1.5 1.5 0.85 3.3 0.85 
90 50 1.5 1.8 0.2 1.5 0.35 
90 50 1.5 1.8 0.25 1.5 0.5 
90 50 1.5 1.8 0.28 3.72 0.27 
90 50 1.5 1.8 0.67 5.7 0.67 
90 50 1.5 1.8 0.85 3.3 0.85 
90 60 0.3 0.6 0.2 1.5 0.35 
90 60 0.3 0.6 0.25 1.5 0.5 
90 60 0.3 0.6 0.28 3.72 0.27 
90 60 0.3 0.6 0.67 5.7 0.67 
90 60 0.3 0.6 0.85 3.3 0.85 
90 60 0.3 1.0 0.2 1.5 0.35 
90 60 0.3 1.0 0.25 1.5 0.5 
90 60 0.3 1.0 0.28 3.72 0.27 
90 60 0.3 1.0 0.67 5.7 0.67 
90 60 0.3 1.0 0.85 3.3 0.85 
90 60 0.3 1.3 0.2 1.5 0.35 
90 60 0.3 1.3 0.25 1.5 0.5 
90 60 0.3 1.3 0.28 3.72 0.27 
90 60 0.3 1.3 0.67 5.7 0.67 
90 60 0.3 1.3 0.85 3.3 0.85 
90 60 0.3 1.5 0.2 1.5 0.35 
90 60 0.3 1.5 0.25 1.5 0.5 
90 60 0.3 1.5 0.28 3.72 0.27 
90 60 0.3 1.5 0.67 5.7 0.67 
90 60 0.3 1.5 0.85 3.3 0.85 
90 60 0.3 1.8 0.2 1.5 0.35 
90 60 0.3 1.8 0.25 1.5 0.5 
90 60 0.3 1.8 0.28 3.72 0.27 
90 60 0.3 1.8 0.67 5.7 0.67 
90 60 0.3 1.8 0.85 3.3 0.85 
90 60 0.5 0.6 0.2 1.5 0.35 
90 60 0.5 0.6 0.25 1.5 0.5 
90 60 0.5 0.6 0.28 3.72 0.27 
90 60 0.5 0.6 0.67 5.7 0.67 
90 60 0.5 0.6 0.85 3.3 0.85 
90 60 0.5 1.0 0.2 1.5 0.35 
90 60 0.5 1.0 0.25 1.5 0.5 
90 60 0.5 1.0 0.28 3.72 0.27 
90 60 0.5 1.0 0.67 5.7 0.67 
90 60 0.5 1.0 0.85 3.3 0.85 
90 60 0.5 1.3 0.2 1.5 0.35 
90 60 0.5 1.3 0.25 1.5 0.5 
90 60 0.5 1.3 0.28 3.72 0.27 
90 60 0.5 1.3 0.67 5.7 0.67 
90 60 0.5 1.3 0.85 3.3 0.85 
90 60 0.5 1.5 0.2 1.5 0.35 
90 60 0.5 1.5 0.25 1.5 0.5 
90 60 0.5 1.5 0.28 3.72 0.27 
90 60 0.5 1.5 0.67 5.7 0.67 
90 60 0.5 1.5 0.85 3.3 0.85 
90 60 0.5 1.8 0.2 1.5 0.35 
90 60 0.5 1.8 0.25 1.5 0.5 
90 60 0.5 1.8 0.28 3.72 0.27 
90 60 0.5 1.8 0.67 5.7 0.67 
90 60 0.5 1.8 0.85 3.3 0.85 
90 60 0.8 0.6 0.2 1.5 0.35 
90 60 0.8 0.6 0.25 1.5 0.5 
90 60 0.8 0.6 0.28 3.72 0.27 
90 60 0.8 0.6 0.67 5.7 0.67 
90 60 0.8 0.6 0.85 3.3 0.85 
90 60 0.8 1.0 0.2 1.5 0.35 
90 60 0.8 1.0 0.25 1.5 0.5 
90 60 0.8 1.0 0.28 3.72 0.27 
90 60 0.8 1.0 0.67 5.7 0.67 
90 60 0.8 1.0 0.85 3.3 0.85 
90 60 0.8 1.3 0.2 1.5 0.35 
90 60 0.8 1.3 0.25 1.5 0.5 
90 60 0.8 1.3 0.28 3.72 0.27 
90 60 0.8 1.3 0.67 5.7 0.67 
90 60 0.8 1.3 0.85 3.3 0.85 
90 60 0.8 1.5 0.2 1.5 0.35 
90 60 0.8 1.5 0.25 1.5 0.5 
90 60 0.8 1.5 0.28 3.72 0.27 
90 60 0.8 1.5 0.67 5.7 0.67 
90 60 0.8 1.5 0.85 3.3 0.85 
90 60 0.8 1.8 0.2 1.5 0.35 
90 60 0.8 1.8 0.25 1.5 0.5 
90 60 0.8 1.8 0.28 3.72 0.27 
90 60 0.8 1.8 0.67 5.7 0.67 
90 60 0.8 1.8 0.85 3.3 0.85 
90 60 1.2 0.6 0.2 1.5 0.35 
90 60 1.2 0.6 0.25 1.5 0.5 
90 60 1.2 0.6 0.28 3.72 0.27 
90 60 1.2 0.6 0.67 5.7 0.67 
90 60 1.2 0.6 0.85 3.3 0.85 
90 60 1.2 1.0 0.2 1.5 0.35 
90 60 1.2 1.0 0.25 1.5 0.5 
90 60 1.2 1.0 0.28 3.72 0.27 
90 60 1.2 1.0 0.67 5.7 0.67 
90 60 1.2 1.0 0.85 3.3 0.85 
90 60 1.2 1.3 0.2 1.5 0.35 
90 60 1.2 1.3 0.25 1.5 0.5 
90 60 1.2 1.3 0.28 3.72 0.27 
90 60 1.2 1.3 0.67 5.7 0.67 
90 60 1.2 1.3 0.85 3.3 0.85 
90 60 1.2 1.5 0.2 1.5 0.35 
90 60 1.2 1.5 0.25 1.5 0.5 
90 60 1.2 1.5 0.28 3.72 0.27 
90 60 1.2 1.5 0.67 5.7 0.67 
90 60 1.2 1.5 0.85 3.3 0.85 
90 60 1.2 1.8 0.2 1.5 0.35 
90 60 1.2 1.8 0.25 1.5 0.5 
90 60 1.2 1.8 0.28 3.72 0.27 
90 60 1.2 1.8 0.67 5.7 0.67 
90 60 1.2 1.8 0.85 3.3 0.85 
90 60 1.5 0.6 0.2 1.5 0.35 
90 60 1.5 0.6 0.25 1.5 0.5 
90 60 1.5 0.6 0.28 3.72 0.27 
90 60 1.5 0.6 0.67 5.7 0.67 
90 60 1.5 0.6 0.85 3.3 0.85 
90 60 1.5 1.0 0.2 1.5 0.35 
90 60 1.5 1.0 0.25 1.5 0.5 
90 60 1.5 1.0 0.28 3.72 0.27 
90 60 1.5 1.0 0.67 5.7 0.67 
90 60 1.5 1.0 0.85 3.3 0.85 
90 60 1.5 1.3 0.2 1.5 0.35 
90 60 1.5 1.3 0.25 1.5 0.5 
90 60 1.5 1.3 0.28 3.72 0.27 
90 60 1.5 1.3 0.67 5.7 0.67 
90 60 1.5 1.3 0.85 3.3 0.85 
90 60 1.5 1.5 0.2 1.5 0.35 
90 60 1.5 1.5 0.25 1.5 0.5 
90 60 1.5 1.5 0.28 3.72 0.27 
90 60 1.5 1.5 0.67 5.7 0.67 
90 60 1.5 1.5 0.85 3.3 0.85 
90 60 1.5 1.8 0.2 1.5 0.35 
90 60 1.5 1.8 0.25 1.5 0.5 
90 60 1.5 1.8 0.28 3.72 0.27 
90 60 1.5 1.8 0.67 5.7 0.67 
90 60 1.5 1.8 0.85 3.3 0.85 
90 80 0.3 0.6 0.2 1.5 0.35 
90 80 0.3 0.6 0.25 1.5 0.5 
90 80 0.3 0.6 0.28 3.72 0.27 
90 80 0.3 0.6 0.67 5.7 0.67 
90 80 0.3 0.6 0.85 3.3 0.85 
90 80 0.3 1.0 0.2 1.5 0.35 
90 80 0.3 1.0 0.25 1.5 0.5 
90 80 0.3 1.0 0.28 3.72 0.27 
90 80 0.3 1.0 0.67 5.7 0.67 
90 80 0.3 1.0 0.85 3.3 0.85 
90 80 0.3 1.3 0.2 1.5 0.35 
90 80 0.3 1.3 0.25 1.5 0.5 
90 80 0.3 1.3 0.28 3.72 0.27 
90 80 0.3 1.3 0.67 5.7 0.67 
90 80 0.3 1.3 0.85 3.3 0.85 
90 80 0.3 1.5 0.2 1.5 0.35 
90 80 0.3 1.5 0.25 1.5 0.5 
90 80 0.3 1.5 0.28 3.72 0.27 
90 80 0.3 1.5 0.67 5.7 0.67 
90 80 0.3 1.5 0.85 3.3 0.85 
90 80 0.3 1.8 0.2 1.5 0.35 
90 80 0.3 1.8 0.25 1.5 0.5 
90 80 0.3 1.8 0.28 3.72 0.27 
90 80 0.3 1.8 0.67 5.7 0.67 
90 80 0.3 1.8 0.85 3.3 0.85 
90 80 0.5 0.6 0.2 1.5 0.35 
90 80 0.5 0.6 0.25 1.5 0.5 
90 80 0.5 0.6 0.28 3.72 0.27 
90 80 0.5 0.6 0.67 5.7 0.67 
90 80 0.5 0.6 0.85 3.3 0.85 
90 80 0.5 1.0 0.2 1.5 0.35 
90 80 0.5 1.0 0.25 1.5 0.5 
90 80 0.5 1.0 0.28 3.72 0.27 
90 80 0.5 1.0 0.67 5.7 0.67 
90 80 0.5 1.0 0.85 3.3 0.85 
90 80 0.5 1.3 0.2 1.5 0.35 
90 80 0.5 1.3 0.25 1.5 0.5 
90 80 0.5 1.3 0.28 3.72 0.27 
90 80 0.5 1.3 0.67 5.7 0.67 
90 80 0.5 1.3 0.85 3.3 0.85 
90 80 0.5 1.5 0.2 1.5 0.35 
90 80 0.5 1.5 0.25 1.5 0.5 
90 80 0.5 1.5 0.28 3.72 0.27 
90 80 0.5 1.5 0.67 5.7 0.67 
90 80 0.5 1.5 0.85 3.3 0.85 
90 80 0.5 1.8 0.2 1.5 0.35 
90 80 0.5 1.8 0.25 1.5 0.5 
90 80 0.5 1.8 0.28 3.72 0.27 
90 80 0.5 1.8 0.67 5.7 0.67 
90 80 0.5 1.8 0.85 3.3 0.85 
90 80 0.8 0.6 0.2 1.5 0.35 
90 80 0.8 0.6 0.25 1.5 0.5 
90 80 0.8 0.6 0.28 3.72 0.27 
90 80 0.8 0.6 0.67 5.7 0.67 
90 80 0.8 0.6 0.85 3.3 0.85 
90 80 0.8 1.0 0.2 1.5 0.35 
90 80 0.8 1.0 0.25 1.5 0.5 
90 80 0.8 1.0 0.28 3.72 0.27 
90 80 0.8 1.0 0.67 5.7 0.67 
90 80 0.8 1.0 0.85 3.3 0.85 
90 80 0.8 1.3 0.2 1.5 0.35 
90 80 0.8 1.3 0.25 1.5 0.5 
90 80 0.8 1.3 0.28 3.72 0.27 
90 80 0.8 1.3 0.67 5.7 0.67 
90 80 0.8 1.3 0.85 3.3 0.85 
90 80 0.8 1.5 0.2 1.5 0.35 
90 80 0.8 1.5 0.25 1.5 0.5 
90 80 0.8 1.5 0.28 3.72 0.27 
90 80 0.8 1.5 0.67 5.7 0.67 
90 80 0.8 1.5 0.85 3.3 0.85 
90 80 0.8 1.8 0.2 1.5 0.35 
90 80 0.8 1.8 0.25 1.5 0.5 
90 80 0.8 1.8 0.28 3.72 0.27 
90 80 0.8 1.8 0.67 5.7 0.67 
90 80 0.8 1.8 0.85 3.3 0.85 
90 80 1.2 0.6 0.2 1.5 0.35 
90 80 1.2 0.6 0.25 1.5 0.5 
90 80 1.2 0.6 0.28 3.72 0.27 
90 80 1.2 0.6 0.67 5.7 0.67 
90 80 1.2 0.6 0.85 3.3 0.85 
90 80 1.2 1.0 0.2 1.5 0.35 
90 80 1.2 1.0 0.25 1.5 0.5 
90 80 1.2 1.0 0.28 3.72 0.27 
90 80 1.2 1.0 0.67 5.7 0.67 
90 80 1.2 1.0 0.85 3.3 0.85 
90 80 1.2 1.3 0.2 1.5 0.35 
90 80 1.2 1.3 0.25 1.5 0.5 
90 80 1.2 1.3 0.28 3.72 0.27 
90 80 1.2 1.3 0.67 5.7 0.67 
90 80 1.2 1.3 0.85 3.3 0.85 
90 80 1.2 1.5 0.2 1.5 0.35 
90 80 1.2 1.5 0.25 1.5 0.5 
90 80 1.2 1.5 0.28 3.72 0.27 
90 80 1.2 1.5 0.67 5.7 0.67 
90 80 1.2 1.5 0.85 3.3 0.85 
90 80 1.2 1.8 0.2 1.5 0.35 
90 80 1.2 1.8 0.25 1.5 0.5 
90 80 1.2 1.8 0.28 3.72 0.27 
90 80 1.2 1.8 0.67 5.7 0.67 
90 80 1.2 1.8 0.85 3.3 0.85 
90 80 1.5 0.6 0.2 1.5 0.35 
90 80 1.5 0.6 0.25 1.5 0.5 
90 80 1.5 0.6 0.28 3.72 0.27 
90 80 1.5 0.6 0.67 5.7 0.67 
90 80 1.5 0.6 0.85 3.3 0.85 
90 80 1.5 1.0 0.2 1.5 0.35 
90 80 1.5 1.0 0.25 1.5 0.5 
90 80 1.5 1.0 0.28 3.72 0.27 
90 80 1.5 1.0 0.67 5.7 0.67 
90 80 1.5 1.0 0.85 3.3 0.85 
90 80 1.5 1.3 0.2 1.5 0.35 
90 80 1.5 1.3 0.25 1.5 0.5 
90 80 1.5 1.3 0.28 3.72 0.27 
90 80 1.5 1.3 0.67 5.7 0.67 
90 80 1.5 1.3 0.85 3.3 0.85 
90 80 1.5 1.5 0.2 1.5 0.35 
90 80 1.5 1.5 0.25 1.5 0.5 
90 80 1.5 1.5 0.28 3.72 0.27 
90 80 1.5 1.5 0.67 5.7 0.67 
90 80 1.5 1.5 0.85 3.3 0.85 
90 80 1.5 1.8 0.2 1.5 0.35 
90 80 1.5 1.8 0.25 1.5 0.5 
90 80 1.5 1.8 0.28 3.72 0.27 
90 80 1.5 1.8 0.67 5.7 0.67 
90 80 1.5 1.8 0.85 3.3 0.85 
135 20 0.3 0.6 0.2 1.5 0.35 
135 20 0.3 0.6 0.25 1.5 0.5 
135 20 0.3 0.6 0.28 3.72 0.27 
135 20 0.3 0.6 0.67 5.7 0.67 
135 20 0.3 0.6 0.85 3.3 0.85 
135 20 0.3 1.0 0.2 1.5 0.35 
135 20 0.3 1.0 0.25 1.5 0.5 
135 20 0.3 1.0 0.28 3.72 0.27 
135 20 0.3 1.0 0.67 5.7 0.67 
135 20 0.3 1.0 0.85 3.3 0.85 
135 20 0.3 1.3 0.2 1.5 0.35 
135 20 0.3 1.3 0.25 1.5 0.5 
135 20 0.3 1.3 0.28 3.72 0.27 
135 20 0.3 1.3 0.67 5.7 0.67 
135 20 0.3 1.3 0.85 3.3 0.85 
135 20 0.3 1.5 0.2 1.5 0.35 
135 20 0.3 1.5 0.25 1.5 0.5 
135 20 0.3 1.5 0.28 3.72 0.27 
135 20 0.3 1.5 0.67 5.7 0.67 
135 20 0.3 1.5 0.85 3.3 0.85 
135 20 0.3 1.8 0.2 1.5 0.35 
135 20 0.3 1.8 0.25 1.5 0.5 
135 20 0.3 1.8 0.28 3.72 0.27 
135 20 0.3 1.8 0.67 5.7 0.67 
135 20 0.3 1.8 0.85 3.3 0.85 
135 20 0.5 0.6 0.2 1.5 0.35 
135 20 0.5 0.6 0.25 1.5 0.5 
135 20 0.5 0.6 0.28 3.72 0.27 
135 20 0.5 0.6 0.67 5.7 0.67 
135 20 0.5 0.6 0.85 3.3 0.85 
135 20 0.5 1.0 0.2 1.5 0.35 
135 20 0.5 1.0 0.25 1.5 0.5 
135 20 0.5 1.0 0.28 3.72 0.27 
135 20 0.5 1.0 0.67 5.7 0.67 
135 20 0.5 1.0 0.85 3.3 0.85 
135 20 0.5 1.3 0.2 1.5 0.35 
135 20 0.5 1.3 0.25 1.5 0.5 
135 20 0.5 1.3 0.28 3.72 0.27 
135 20 0.5 1.3 0.67 5.7 0.67 
135 20 0.5 1.3 0.85 3.3 0.85 
135 20 0.5 1.5 0.2 1.5 0.35 
135 20 0.5 1.5 0.25 1.5 0.5 
135 20 0.5 1.5 0.28 3.72 0.27 
135 20 0.5 1.5 0.67 5.7 0.67 
135 20 0.5 1.5 0.85 3.3 0.85 
135 20 0.5 1.8 0.2 1.5 0.35 
135 20 0.5 1.8 0.25 1.5 0.5 
135 20 0.5 1.8 0.28 3.72 0.27 
135 20 0.5 1.8 0.67 5.7 0.67 
135 20 0.5 1.8 0.85 3.3 0.85 
135 20 0.8 0.6 0.2 1.5 0.35 
135 20 0.8 0.6 0.25 1.5 0.5 
135 20 0.8 0.6 0.28 3.72 0.27 
135 20 0.8 0.6 0.67 5.7 0.67 
135 20 0.8 0.6 0.85 3.3 0.85 
135 20 0.8 1.0 0.2 1.5 0.35 
135 20 0.8 1.0 0.25 1.5 0.5 
135 20 0.8 1.0 0.28 3.72 0.27 
135 20 0.8 1.0 0.67 5.7 0.67 
135 20 0.8 1.0 0.85 3.3 0.85 
135 20 0.8 1.3 0.2 1.5 0.35 
135 20 0.8 1.3 0.25 1.5 0.5 
135 20 0.8 1.3 0.28 3.72 0.27 
135 20 0.8 1.3 0.67 5.7 0.67 
135 20 0.8 1.3 0.85 3.3 0.85 
135 20 0.8 1.5 0.2 1.5 0.35 
135 20 0.8 1.5 0.25 1.5 0.5 
135 20 0.8 1.5 0.28 3.72 0.27 
135 20 0.8 1.5 0.67 5.7 0.67 
135 20 0.8 1.5 0.85 3.3 0.85 
135 20 0.8 1.8 0.2 1.5 0.35 
135 20 0.8 1.8 0.25 1.5 0.5 
135 20 0.8 1.8 0.28 3.72 0.27 
135 20 0.8 1.8 0.67 5.7 0.67 
135 20 0.8 1.8 0.85 3.3 0.85 
135 20 1.2 0.6 0.2 1.5 0.35 
135 20 1.2 0.6 0.25 1.5 0.5 
135 20 1.2 0.6 0.28 3.72 0.27 
135 20 1.2 0.6 0.67 5.7 0.67 
135 20 1.2 0.6 0.85 3.3 0.85 
135 20 1.2 1.0 0.2 1.5 0.35 
135 20 1.2 1.0 0.25 1.5 0.5 
135 20 1.2 1.0 0.28 3.72 0.27 
135 20 1.2 1.0 0.67 5.7 0.67 
135 20 1.2 1.0 0.85 3.3 0.85 
135 20 1.2 1.3 0.2 1.5 0.35 
135 20 1.2 1.3 0.25 1.5 0.5 
135 20 1.2 1.3 0.28 3.72 0.27 
135 20 1.2 1.3 0.67 5.7 0.67 
135 20 1.2 1.3 0.85 3.3 0.85 
135 20 1.2 1.5 0.2 1.5 0.35 
135 20 1.2 1.5 0.25 1.5 0.5 
135 20 1.2 1.5 0.28 3.72 0.27 
135 20 1.2 1.5 0.67 5.7 0.67 
135 20 1.2 1.5 0.85 3.3 0.85 
135 20 1.2 1.8 0.2 1.5 0.35 
135 20 1.2 1.8 0.25 1.5 0.5 
135 20 1.2 1.8 0.28 3.72 0.27 
135 20 1.2 1.8 0.67 5.7 0.67 
135 20 1.2 1.8 0.85 3.3 0.85 
135 20 1.5 0.6 0.2 1.5 0.35 
135 20 1.5 0.6 0.25 1.5 0.5 
135 20 1.5 0.6 0.28 3.72 0.27 
135 20 1.5 0.6 0.67 5.7 0.67 
135 20 1.5 0.6 0.85 3.3 0.85 
135 20 1.5 1.0 0.2 1.5 0.35 
135 20 1.5 1.0 0.25 1.5 0.5 
135 20 1.5 1.0 0.28 3.72 0.27 
135 20 1.5 1.0 0.67 5.7 0.67 
135 20 1.5 1.0 0.85 3.3 0.85 
135 20 1.5 1.3 0.2 1.5 0.35 
135 20 1.5 1.3 0.25 1.5 0.5 
135 20 1.5 1.3 0.28 3.72 0.27 
135 20 1.5 1.3 0.67 5.7 0.67 
135 20 1.5 1.3 0.85 3.3 0.85 
135 20 1.5 1.5 0.2 1.5 0.35 
135 20 1.5 1.5 0.25 1.5 0.5 
135 20 1.5 1.5 0.28 3.72 0.27 
135 20 1.5 1.5 0.67 5.7 0.67 
135 20 1.5 1.5 0.85 3.3 0.85 
135 20 1.5 1.8 0.2 1.5 0.35 
135 20 1.5 1.8 0.25 1.5 0.5 
135 20 1.5 1.8 0.28 3.72 0.27 
135 20 1.5 1.8 0.67 5.7 0.67 
135 20 1.5 1.8 0.85 3.3 0.85 
135 40 0.3 0.6 0.2 1.5 0.35 
135 40 0.3 0.6 0.25 1.5 0.5 
135 40 0.3 0.6 0.28 3.72 0.27 
135 40 0.3 0.6 0.67 5.7 0.67 
135 40 0.3 0.6 0.85 3.3 0.85 
135 40 0.3 1.0 0.2 1.5 0.35 
135 40 0.3 1.0 0.25 1.5 0.5 
135 40 0.3 1.0 0.28 3.72 0.27 
135 40 0.3 1.0 0.67 5.7 0.67 
135 40 0.3 1.0 0.85 3.3 0.85 
135 40 0.3 1.3 0.2 1.5 0.35 
135 40 0.3 1.3 0.25 1.5 0.5 
135 40 0.3 1.3 0.28 3.72 0.27 
135 40 0.3 1.3 0.67 5.7 0.67 
135 40 0.3 1.3 0.85 3.3 0.85 
135 40 0.3 1.5 0.2 1.5 0.35 
135 40 0.3 1.5 0.25 1.5 0.5 
135 40 0.3 1.5 0.28 3.72 0.27 
135 40 0.3 1.5 0.67 5.7 0.67 
135 40 0.3 1.5 0.85 3.3 0.85 
135 40 0.3 1.8 0.2 1.5 0.35 
135 40 0.3 1.8 0.25 1.5 0.5 
135 40 0.3 1.8 0.28 3.72 0.27 
135 40 0.3 1.8 0.67 5.7 0.67 
135 40 0.3 1.8 0.85 3.3 0.85 
135 40 0.5 0.6 0.2 1.5 0.35 
135 40 0.5 0.6 0.25 1.5 0.5 
135 40 0.5 0.6 0.28 3.72 0.27 
135 40 0.5 0.6 0.67 5.7 0.67 
135 40 0.5 0.6 0.85 3.3 0.85 
135 40 0.5 1.0 0.2 1.5 0.35 
135 40 0.5 1.0 0.25 1.5 0.5 
135 40 0.5 1.0 0.28 3.72 0.27 
135 40 0.5 1.0 0.67 5.7 0.67 
135 40 0.5 1.0 0.85 3.3 0.85 
135 40 0.5 1.3 0.2 1.5 0.35 
135 40 0.5 1.3 0.25 1.5 0.5 
135 40 0.5 1.3 0.28 3.72 0.27 
135 40 0.5 1.3 0.67 5.7 0.67 
135 40 0.5 1.3 0.85 3.3 0.85 
135 40 0.5 1.5 0.2 1.5 0.35 
135 40 0.5 1.5 0.25 1.5 0.5 
135 40 0.5 1.5 0.28 3.72 0.27 
135 40 0.5 1.5 0.67 5.7 0.67 
135 40 0.5 1.5 0.85 3.3 0.85 
135 40 0.5 1.8 0.2 1.5 0.35 
135 40 0.5 1.8 0.25 1.5 0.5 
135 40 0.5 1.8 0.28 3.72 0.27 
135 40 0.5 1.8 0.67 5.7 0.67 
135 40 0.5 1.8 0.85 3.3 0.85 
135 40 0.8 0.6 0.2 1.5 0.35 
135 40 0.8 0.6 0.25 1.5 0.5 
135 40 0.8 0.6 0.28 3.72 0.27 
135 40 0.8 0.6 0.67 5.7 0.67 
135 40 0.8 0.6 0.85 3.3 0.85 
135 40 0.8 1.0 0.2 1.5 0.35 
135 40 0.8 1.0 0.25 1.5 0.5 
135 40 0.8 1.0 0.28 3.72 0.27 
135 40 0.8 1.0 0.67 5.7 0.67 
135 40 0.8 1.0 0.85 3.3 0.85 
135 40 0.8 1.3 0.2 1.5 0.35 
135 40 0.8 1.3 0.25 1.5 0.5 
135 40 0.8 1.3 0.28 3.72 0.27 
135 40 0.8 1.3 0.67 5.7 0.67 
135 40 0.8 1.3 0.85 3.3 0.85 
135 40 0.8 1.5 0.2 1.5 0.35 
135 40 0.8 1.5 0.25 1.5 0.5 
135 40 0.8 1.5 0.28 3.72 0.27 
135 40 0.8 1.5 0.67 5.7 0.67 
135 40 0.8 1.5 0.85 3.3 0.85 
135 40 0.8 1.8 0.2 1.5 0.35 
135 40 0.8 1.8 0.25 1.5 0.5 
135 40 0.8 1.8 0.28 3.72 0.27 
135 40 0.8 1.8 0.67 5.7 0.67 
135 40 0.8 1.8 0.85 3.3 0.85 
135 40 1.2 0.6 0.2 1.5 0.35 
135 40 1.2 0.6 0.25 1.5 0.5 
135 40 1.2 0.6 0.28 3.72 0.27 
135 40 1.2 0.6 0.67 5.7 0.67 
135 40 1.2 0.6 0.85 3.3 0.85 
135 40 1.2 1.0 0.2 1.5 0.35 
135 40 1.2 1.0 0.25 1.5 0.5 
135 40 1.2 1.0 0.28 3.72 0.27 
135 40 1.2 1.0 0.67 5.7 0.67 
135 40 1.2 1.0 0.85 3.3 0.85 
135 40 1.2 1.3 0.2 1.5 0.35 
135 40 1.2 1.3 0.25 1.5 0.5 
135 40 1.2 1.3 0.28 3.72 0.27 
135 40 1.2 1.3 0.67 5.7 0.67 
135 40 1.2 1.3 0.85 3.3 0.85 
135 40 1.2 1.5 0.2 1.5 0.35 
135 40 1.2 1.5 0.25 1.5 0.5 
135 40 1.2 1.5 0.28 3.72 0.27 
135 40 1.2 1.5 0.67 5.7 0.67 
135 40 1.2 1.5 0.85 3.3 0.85 
135 40 1.2 1.8 0.2 1.5 0.35 
135 40 1.2 1.8 0.25 1.5 0.5 
135 40 1.2 1.8 0.28 3.72 0.27 
135 40 1.2 1.8 0.67 5.7 0.67 
135 40 1.2 1.8 0.85 3.3 0.85 
135 40 1.5 0.6 0.2 1.5 0.35 
135 40 1.5 0.6 0.25 1.5 0.5 
135 40 1.5 0.6 0.28 3.72 0.27 
135 40 1.5 0.6 0.67 5.7 0.67 
135 40 1.5 0.6 0.85 3.3 0.85 
135 40 1.5 1.0 0.2 1.5 0.35 
135 40 1.5 1.0 0.25 1.5 0.5 
135 40 1.5 1.0 0.28 3.72 0.27 
135 40 1.5 1.0 0.67 5.7 0.67 
135 40 1.5 1.0 0.85 3.3 0.85 
135 40 1.5 1.3 0.2 1.5 0.35 
135 40 1.5 1.3 0.25 1.5 0.5 
135 40 1.5 1.3 0.28 3.72 0.27 
135 40 1.5 1.3 0.67 5.7 0.67 
135 40 1.5 1.3 0.85 3.3 0.85 
135 40 1.5 1.5 0.2 1.5 0.35 
135 40 1.5 1.5 0.25 1.5 0.5 
135 40 1.5 1.5 0.28 3.72 0.27 
135 40 1.5 1.5 0.67 5.7 0.67 
135 40 1.5 1.5 0.85 3.3 0.85 
135 40 1.5 1.8 0.2 1.5 0.35 
135 40 1.5 1.8 0.25 1.5 0.5 
135 40 1.5 1.8 0.28 3.72 0.27 
135 40 1.5 1.8 0.67 5.7 0.67 
135 40 1.5 1.8 0.85 3.3 0.85 
135 50 0.3 0.6 0.2 1.5 0.35 
135 50 0.3 0.6 0.25 1.5 0.5 
135 50 0.3 0.6 0.28 3.72 0.27 
135 50 0.3 0.6 0.67 5.7 0.67 
135 50 0.3 0.6 0.85 3.3 0.85 
135 50 0.3 1.0 0.2 1.5 0.35 
135 50 0.3 1.0 0.25 1.5 0.5 
135 50 0.3 1.0 0.28 3.72 0.27 
135 50 0.3 1.0 0.67 5.7 0.67 
135 50 0.3 1.0 0.85 3.3 0.85 
135 50 0.3 1.3 0.2 1.5 0.35 
135 50 0.3 1.3 0.25 1.5 0.5 
135 50 0.3 1.3 0.28 3.72 0.27 
135 50 0.3 1.3 0.67 5.7 0.67 
135 50 0.3 1.3 0.85 3.3 0.85 
135 50 0.3 1.5 0.2 1.5 0.35 
135 50 0.3 1.5 0.25 1.5 0.5 
135 50 0.3 1.5 0.28 3.72 0.27 
135 50 0.3 1.5 0.67 5.7 0.67 
135 50 0.3 1.5 0.85 3.3 0.85 
135 50 0.3 1.8 0.2 1.5 0.35 
135 50 0.3 1.8 0.25 1.5 0.5 
135 50 0.3 1.8 0.28 3.72 0.27 
135 50 0.3 1.8 0.67 5.7 0.67 
135 50 0.3 1.8 0.85 3.3 0.85 
135 50 0.5 0.6 0.2 1.5 0.35 
135 50 0.5 0.6 0.25 1.5 0.5 
135 50 0.5 0.6 0.28 3.72 0.27 
135 50 0.5 0.6 0.67 5.7 0.67 
135 50 0.5 0.6 0.85 3.3 0.85 
135 50 0.5 1.0 0.2 1.5 0.35 
135 50 0.5 1.0 0.25 1.5 0.5 
135 50 0.5 1.0 0.28 3.72 0.27 
135 50 0.5 1.0 0.67 5.7 0.67 
135 50 0.5 1.0 0.85 3.3 0.85 
135 50 0.5 1.3 0.2 1.5 0.35 
135 50 0.5 1.3 0.25 1.5 0.5 
135 50 0.5 1.3 0.28 3.72 0.27 
135 50 0.5 1.3 0.67 5.7 0.67 
135 50 0.5 1.3 0.85 3.3 0.85 
135 50 0.5 1.5 0.2 1.5 0.35 
135 50 0.5 1.5 0.25 1.5 0.5 
135 50 0.5 1.5 0.28 3.72 0.27 
135 50 0.5 1.5 0.67 5.7 0.67 
135 50 0.5 1.5 0.85 3.3 0.85 
135 50 0.5 1.8 0.2 1.5 0.35 
135 50 0.5 1.8 0.25 1.5 0.5 
135 50 0.5 1.8 0.28 3.72 0.27 
135 50 0.5 1.8 0.67 5.7 0.67 
135 50 0.5 1.8 0.85 3.3 0.85 
135 50 0.8 0.6 0.2 1.5 0.35 
135 50 0.8 0.6 0.25 1.5 0.5 
135 50 0.8 0.6 0.28 3.72 0.27 
135 50 0.8 0.6 0.67 5.7 0.67 
135 50 0.8 0.6 0.85 3.3 0.85 
135 50 0.8 1.0 0.2 1.5 0.35 
135 50 0.8 1.0 0.25 1.5 0.5 
135 50 0.8 1.0 0.28 3.72 0.27 
135 50 0.8 1.0 0.67 5.7 0.67 
135 50 0.8 1.0 0.85 3.3 0.85 
135 50 0.8 1.3 0.2 1.5 0.35 
135 50 0.8 1.3 0.25 1.5 0.5 
135 50 0.8 1.3 0.28 3.72 0.27 
135 50 0.8 1.3 0.67 5.7 0.67 
135 50 0.8 1.3 0.85 3.3 0.85 
135 50 0.8 1.5 0.2 1.5 0.35 
135 50 0.8 1.5 0.25 1.5 0.5 
135 50 0.8 1.5 0.28 3.72 0.27 
135 50 0.8 1.5 0.67 5.7 0.67 
135 50 0.8 1.5 0.85 3.3 0.85 
135 50 0.8 1.8 0.2 1.5 0.35 
135 50 0.8 1.8 0.25 1.5 0.5 
135 50 0.8 1.8 0.28 3.72 0.27 
135 50 0.8 1.8 0.67 5.7 0.67 
135 50 0.8 1.8 0.85 3.3 0.85 
135 50 1.2 0.6 0.2 1.5 0.35 
135 50 1.2 0.6 0.25 1.5 0.5 
135 50 1.2 0.6 0.28 3.72 0.27 
135 50 1.2 0.6 0.67 5.7 0.67 
135 50 1.2 0.6 0.85 3.3 0.85 
135 50 1.2 1.0 0.2 1.5 0.35 
135 50 1.2 1.0 0.25 1.5 0.5 
135 50 1.2 1.0 0.28 3.72 0.27 
135 50 1.2 1.0 0.67 5.7 0.67 
135 50 1.2 1.0 0.85 3.3 0.85 
135 50 1.2 1.3 0.2 1.5 0.35 
135 50 1.2 1.3 0.25 1.5 0.5 
135 50 1.2 1.3 0.28 3.72 0.27 
135 50 1.2 1.3 0.67 5.7 0.67 
135 50 1.2 1.3 0.85 3.3 0.85 
135 50 1.2 1.5 0.2 1.5 0.35 
135 50 1.2 1.5 0.25 1.5 0.5 
135 50 1.2 1.5 0.28 3.72 0.27 
135 50 1.2 1.5 0.67 5.7 0.67 
135 50 1.2 1.5 0.85 3.3 0.85 
135 50 1.2 1.8 0.2 1.5 0.35 
135 50 1.2 1.8 0.25 1.5 0.5 
135 50 1.2 1.8 0.28 3.72 0.27 
135 50 1.2 1.8 0.67 5.7 0.67 
135 50 1.2 1.8 0.85 3.3 0.85 
135 50 1.5 0.6 0.2 1.5 0.35 
135 50 1.5 0.6 0.25 1.5 0.5 
135 50 1.5 0.6 0.28 3.72 0.27 
135 50 1.5 0.6 0.67 5.7 0.67 
135 50 1.5 0.6 0.85 3.3 0.85 
135 50 1.5 1.0 0.2 1.5 0.35 
135 50 1.5 1.0 0.25 1.5 0.5 
135 50 1.5 1.0 0.28 3.72 0.27 
135 50 1.5 1.0 0.67 5.7 0.67 
135 50 1.5 1.0 0.85 3.3 0.85 
135 50 1.5 1.3 0.2 1.5 0.35 
135 50 1.5 1.3 0.25 1.5 0.5 
135 50 1.5 1.3 0.28 3.72 0.27 
135 50 1.5 1.3 0.67 5.7 0.67 
135 50 1.5 1.3 0.85 3.3 0.85 
135 50 1.5 1.5 0.2 1.5 0.35 
135 50 1.5 1.5 0.25 1.5 0.5 
135 50 1.5 1.5 0.28 3.72 0.27 
135 50 1.5 1.5 0.67 5.7 0.67 
135 50 1.5 1.5 0.85 3.3 0.85 
135 50 1.5 1.8 0.2 1.5 0.35 
135 50 1.5 1.8 0.25 1.5 0.5 
135 50 1.5 1.8 0.28 3.72 0.27 
135 50 1.5 1.8 0.67 5.7 0.67 
135 50 1.5 1.8 0.85 3.3 0.85 
135 60 0.3 0.6 0.2 1.5 0.35 
135 60 0.3 0.6 0.25 1.5 0.5 
135 60 0.3 0.6 0.28 3.72 0.27 
135 60 0.3 0.6 0.67 5.7 0.67 
135 60 0.3 0.6 0.85 3.3 0.85 
135 60 0.3 1.0 0.2 1.5 0.35 
135 60 0.3 1.0 0.25 1.5 0.5 
135 60 0.3 1.0 0.28 3.72 0.27 
135 60 0.3 1.0 0.67 5.7 0.67 
135 60 0.3 1.0 0.85 3.3 0.85 
135 60 0.3 1.3 0.2 1.5 0.35 
135 60 0.3 1.3 0.25 1.5 0.5 
135 60 0.3 1.3 0.28 3.72 0.27 
135 60 0.3 1.3 0.67 5.7 0.67 
135 60 0.3 1.3 0.85 3.3 0.85 
135 60 0.3 1.5 0.2 1.5 0.35 
135 60 0.3 1.5 0.25 1.5 0.5 
135 60 0.3 1.5 0.28 3.72 0.27 
135 60 0.3 1.5 0.67 5.7 0.67 
135 60 0.3 1.5 0.85 3.3 0.85 
135 60 0.3 1.8 0.2 1.5 0.35 
135 60 0.3 1.8 0.25 1.5 0.5 
135 60 0.3 1.8 0.28 3.72 0.27 
135 60 0.3 1.8 0.67 5.7 0.67 
135 60 0.3 1.8 0.85 3.3 0.85 
135 60 0.5 0.6 0.2 1.5 0.35 
135 60 0.5 0.6 0.25 1.5 0.5 
135 60 0.5 0.6 0.28 3.72 0.27 
135 60 0.5 0.6 0.67 5.7 0.67 
135 60 0.5 0.6 0.85 3.3 0.85 
135 60 0.5 1.0 0.2 1.5 0.35 
135 60 0.5 1.0 0.25 1.5 0.5 
135 60 0.5 1.0 0.28 3.72 0.27 
135 60 0.5 1.0 0.67 5.7 0.67 
135 60 0.5 1.0 0.85 3.3 0.85 
135 60 0.5 1.3 0.2 1.5 0.35 
135 60 0.5 1.3 0.25 1.5 0.5 
135 60 0.5 1.3 0.28 3.72 0.27 
135 60 0.5 1.3 0.67 5.7 0.67 
135 60 0.5 1.3 0.85 3.3 0.85 
135 60 0.5 1.5 0.2 1.5 0.35 
135 60 0.5 1.5 0.25 1.5 0.5 
135 60 0.5 1.5 0.28 3.72 0.27 
135 60 0.5 1.5 0.67 5.7 0.67 
135 60 0.5 1.5 0.85 3.3 0.85 
135 60 0.5 1.8 0.2 1.5 0.35 
135 60 0.5 1.8 0.25 1.5 0.5 
135 60 0.5 1.8 0.28 3.72 0.27 
135 60 0.5 1.8 0.67 5.7 0.67 
135 60 0.5 1.8 0.85 3.3 0.85 
135 60 0.8 0.6 0.2 1.5 0.35 
135 60 0.8 0.6 0.25 1.5 0.5 
135 60 0.8 0.6 0.28 3.72 0.27 
135 60 0.8 0.6 0.67 5.7 0.67 
135 60 0.8 0.6 0.85 3.3 0.85 
135 60 0.8 1.0 0.2 1.5 0.35 
135 60 0.8 1.0 0.25 1.5 0.5 
135 60 0.8 1.0 0.28 3.72 0.27 
135 60 0.8 1.0 0.67 5.7 0.67 
135 60 0.8 1.0 0.85 3.3 0.85 
135 60 0.8 1.3 0.2 1.5 0.35 
135 60 0.8 1.3 0.25 1.5 0.5 
135 60 0.8 1.3 0.28 3.72 0.27 
135 60 0.8 1.3 0.67 5.7 0.67 
135 60 0.8 1.3 0.85 3.3 0.85 
135 60 0.8 1.5 0.2 1.5 0.35 
135 60 0.8 1.5 0.25 1.5 0.5 
135 60 0.8 1.5 0.28 3.72 0.27 
135 60 0.8 1.5 0.67 5.7 0.67 
135 60 0.8 1.5 0.85 3.3 0.85 
135 60 0.8 1.8 0.2 1.5 0.35 
135 60 0.8 1.8 0.25 1.5 0.5 
135 60 0.8 1.8 0.28 3.72 0.27 
135 60 0.8 1.8 0.67 5.7 0.67 
135 60 0.8 1.8 0.85 3.3 0.85 
135 60 1.2 0.6 0.2 1.5 0.35 
135 60 1.2 0.6 0.25 1.5 0.5 
135 60 1.2 0.6 0.28 3.72 0.27 
135 60 1.2 0.6 0.67 5.7 0.67 
135 60 1.2 0.6 0.85 3.3 0.85 
135 60 1.2 1.0 0.2 1.5 0.35 
135 60 1.2 1.0 0.25 1.5 0.5 
135 60 1.2 1.0 0.28 3.72 0.27 
135 60 1.2 1.0 0.67 5.7 0.67 
135 60 1.2 1.0 0.85 3.3 0.85 
135 60 1.2 1.3 0.2 1.5 0.35 
135 60 1.2 1.3 0.25 1.5 0.5 
135 60 1.2 1.3 0.28 3.72 0.27 
135 60 1.2 1.3 0.67 5.7 0.67 
135 60 1.2 1.3 0.85 3.3 0.85 
135 60 1.2 1.5 0.2 1.5 0.35 
135 60 1.2 1.5 0.25 1.5 0.5 
135 60 1.2 1.5 0.28 3.72 0.27 
135 60 1.2 1.5 0.67 5.7 0.67 
135 60 1.2 1.5 0.85 3.3 0.85 
135 60 1.2 1.8 0.2 1.5 0.35 
135 60 1.2 1.8 0.25 1.5 0.5 
135 60 1.2 1.8 0.28 3.72 0.27 
135 60 1.2 1.8 0.67 5.7 0.67 
135 60 1.2 1.8 0.85 3.3 0.85 
135 60 1.5 0.6 0.2 1.5 0.35 
135 60 1.5 0.6 0.25 1.5 0.5 
135 60 1.5 0.6 0.28 3.72 0.27 
135 60 1.5 0.6 0.67 5.7 0.67 
135 60 1.5 0.6 0.85 3.3 0.85 
135 60 1.5 1.0 0.2 1.5 0.35 
135 60 1.5 1.0 0.25 1.5 0.5 
135 60 1.5 1.0 0.28 3.72 0.27 
135 60 1.5 1.0 0.67 5.7 0.67 
135 60 1.5 1.0 0.85 3.3 0.85 
135 60 1.5 1.3 0.2 1.5 0.35 
135 60 1.5 1.3 0.25 1.5 0.5 
135 60 1.5 1.3 0.28 3.72 0.27 
135 60 1.5 1.3 0.67 5.7 0.67 
135 60 1.5 1.3 0.85 3.3 0.85 
135 60 1.5 1.5 0.2 1.5 0.35 
135 60 1.5 1.5 0.25 1.5 0.5 
135 60 1.5 1.5 0.28 3.72 0.27 
135 60 1.5 1.5 0.67 5.7 0.67 
135 60 1.5 1.5 0.85 3.3 0.85 
135 60 1.5 1.8 0.2 1.5 0.35 
135 60 1.5 1.8 0.25 1.5 0.5 
135 60 1.5 1.8 0.28 3.72 0.27 
135 60 1.5 1.8 0.67 5.7 0.67 
135 60 1.5 1.8 0.85 3.3 0.85 
135 80 0.3 0.6 0.2 1.5 0.35 
135 80 0.3 0.6 0.25 1.5 0.5 
135 80 0.3 0.6 0.28 3.72 0.27 
135 80 0.3 0.6 0.67 5.7 0.67 
135 80 0.3 0.6 0.85 3.3 0.85 
135 80 0.3 1.0 0.2 1.5 0.35 
135 80 0.3 1.0 0.25 1.5 0.5 
135 80 0.3 1.0 0.28 3.72 0.27 
135 80 0.3 1.0 0.67 5.7 0.67 
135 80 0.3 1.0 0.85 3.3 0.85 
135 80 0.3 1.3 0.2 1.5 0.35 
135 80 0.3 1.3 0.25 1.5 0.5 
135 80 0.3 1.3 0.28 3.72 0.27 
135 80 0.3 1.3 0.67 5.7 0.67 
135 80 0.3 1.3 0.85 3.3 0.85 
135 80 0.3 1.5 0.2 1.5 0.35 
135 80 0.3 1.5 0.25 1.5 0.5 
135 80 0.3 1.5 0.28 3.72 0.27 
135 80 0.3 1.5 0.67 5.7 0.67 
135 80 0.3 1.5 0.85 3.3 0.85 
135 80 0.3 1.8 0.2 1.5 0.35 
135 80 0.3 1.8 0.25 1.5 0.5 
135 80 0.3 1.8 0.28 3.72 0.27 
135 80 0.3 1.8 0.67 5.7 0.67 
135 80 0.3 1.8 0.85 3.3 0.85 
135 80 0.5 0.6 0.2 1.5 0.35 
135 80 0.5 0.6 0.25 1.5 0.5 
135 80 0.5 0.6 0.28 3.72 0.27 
135 80 0.5 0.6 0.67 5.7 0.67 
135 80 0.5 0.6 0.85 3.3 0.85 
135 80 0.5 1.0 0.2 1.5 0.35 
135 80 0.5 1.0 0.25 1.5 0.5 
135 80 0.5 1.0 0.28 3.72 0.27 
135 80 0.5 1.0 0.67 5.7 0.67 
135 80 0.5 1.0 0.85 3.3 0.85 
135 80 0.5 1.3 0.2 1.5 0.35 
135 80 0.5 1.3 0.25 1.5 0.5 
135 80 0.5 1.3 0.28 3.72 0.27 
135 80 0.5 1.3 0.67 5.7 0.67 
135 80 0.5 1.3 0.85 3.3 0.85 
135 80 0.5 1.5 0.2 1.5 0.35 
135 80 0.5 1.5 0.25 1.5 0.5 
135 80 0.5 1.5 0.28 3.72 0.27 
135 80 0.5 1.5 0.67 5.7 0.67 
135 80 0.5 1.5 0.85 3.3 0.85 
135 80 0.5 1.8 0.2 1.5 0.35 
135 80 0.5 1.8 0.25 1.5 0.5 
135 80 0.5 1.8 0.28 3.72 0.27 
135 80 0.5 1.8 0.67 5.7 0.67 
135 80 0.5 1.8 0.85 3.3 0.85 
135 80 0.8 0.6 0.2 1.5 0.35 
135 80 0.8 0.6 0.25 1.5 0.5 
135 80 0.8 0.6 0.28 3.72 0.27 
135 80 0.8 0.6 0.67 5.7 0.67 
135 80 0.8 0.6 0.85 3.3 0.85 
135 80 0.8 1.0 0.2 1.5 0.35 
135 80 0.8 1.0 0.25 1.5 0.5 
135 80 0.8 1.0 0.28 3.72 0.27 
135 80 0.8 1.0 0.67 5.7 0.67 
135 80 0.8 1.0 0.85 3.3 0.85 
135 80 0.8 1.3 0.2 1.5 0.35 
135 80 0.8 1.3 0.25 1.5 0.5 
135 80 0.8 1.3 0.28 3.72 0.27 
135 80 0.8 1.3 0.67 5.7 0.67 
135 80 0.8 1.3 0.85 3.3 0.85 
135 80 0.8 1.5 0.2 1.5 0.35 
135 80 0.8 1.5 0.25 1.5 0.5 
135 80 0.8 1.5 0.28 3.72 0.27 
135 80 0.8 1.5 0.67 5.7 0.67 
135 80 0.8 1.5 0.85 3.3 0.85 
135 80 0.8 1.8 0.2 1.5 0.35 
135 80 0.8 1.8 0.25 1.5 0.5 
135 80 0.8 1.8 0.28 3.72 0.27 
135 80 0.8 1.8 0.67 5.7 0.67 
135 80 0.8 1.8 0.85 3.3 0.85 
135 80 1.2 0.6 0.2 1.5 0.35 
135 80 1.2 0.6 0.25 1.5 0.5 
135 80 1.2 0.6 0.28 3.72 0.27 
135 80 1.2 0.6 0.67 5.7 0.67 
135 80 1.2 0.6 0.85 3.3 0.85 
135 80 1.2 1.0 0.2 1.5 0.35 
135 80 1.2 1.0 0.25 1.5 0.5 
135 80 1.2 1.0 0.28 3.72 0.27 
135 80 1.2 1.0 0.67 5.7 0.67 
135 80 1.2 1.0 0.85 3.3 0.85 
135 80 1.2 1.3 0.2 1.5 0.35 
135 80 1.2 1.3 0.25 1.5 0.5 
135 80 1.2 1.3 0.28 3.72 0.27 
135 80 1.2 1.3 0.67 5.7 0.67 
135 80 1.2 1.3 0.85 3.3 0.85 
135 80 1.2 1.5 0.2 1.5 0.35 
135 80 1.2 1.5 0.25 1.5 0.5 
135 80 1.2 1.5 0.28 3.72 0.27 
135 80 1.2 1.5 0.67 5.7 0.67 
135 80 1.2 1.5 0.85 3.3 0.85 
135 80 1.2 1.8 0.2 1.5 0.35 
135 80 1.2 1.8 0.25 1.5 0.5 
135 80 1.2 1.8 0.28 3.72 0.27 
135 80 1.2 1.8 0.67 5.7 0.67 
135 80 1.2 1.8 0.85 3.3 0.85 
135 80 1.5 0.6 0.2 1.5 0.35 
135 80 1.5 0.6 0.25 1.5 0.5 
135 80 1.5 0.6 0.28 3.72 0.27 
135 80 1.5 0.6 0.67 5.7 0.67 
135 80 1.5 0.6 0.85 3.3 0.85 
135 80 1.5 1.0 0.2 1.5 0.35 
135 80 1.5 1.0 0.25 1.5 0.5 
135 80 1.5 1.0 0.28 3.72 0.27 
135 80 1.5 1.0 0.67 5.7 0.67 
135 80 1.5 1.0 0.85 3.3 0.85 
135 80 1.5 1.3 0.2 1.5 0.35 
135 80 1.5 1.3 0.25 1.5 0.5 
135 80 1.5 1.3 0.28 3.72 0.27 
135 80 1.5 1.3 0.67 5.7 0.67 
135 80 1.5 1.3 0.85 3.3 0.85 
135 80 1.5 1.5 0.2 1.5 0.35 
135 80 1.5 1.5 0.25 1.5 0.5 
135 80 1.5 1.5 0.28 3.72 0.27 
135 80 1.5 1.5 0.67 5.7 0.67 
135 80 1.5 1.5 0.85 3.3 0.85 
135 80 1.5 1.8 0.2 1.5 0.35 
135 80 1.5 1.8 0.25 1.5 0.5 
135 80 1.5 1.8 0.28 3.72 0.27 
135 80 1.5 1.8 0.67 5.7 0.67 
135 80 1.5 1.8 0.85 3.3 0.85 
180 20 0.3 0.6 0.2 1.5 0.35 
180 20 0.3 0.6 0.25 1.5 0.5 
180 20 0.3 0.6 0.28 3.72 0.27 
180 20 0.3 0.6 0.67 5.7 0.67 
180 20 0.3 0.6 0.85 3.3 0.85 
180 20 0.3 1.0 0.2 1.5 0.35 
180 20 0.3 1.0 0.25 1.5 0.5 
180 20 0.3 1.0 0.28 3.72 0.27 
180 20 0.3 1.0 0.67 5.7 0.67 
180 20 0.3 1.0 0.85 3.3 0.85 
180 20 0.3 1.3 0.2 1.5 0.35 
180 20 0.3 1.3 0.25 1.5 0.5 
180 20 0.3 1.3 0.28 3.72 0.27 
180 20 0.3 1.3 0.67 5.7 0.67 
180 20 0.3 1.3 0.85 3.3 0.85 
180 20 0.3 1.5 0.2 1.5 0.35 
180 20 0.3 1.5 0.25 1.5 0.5 
180 20 0.3 1.5 0.28 3.72 0.27 
180 20 0.3 1.5 0.67 5.7 0.67 
180 20 0.3 1.5 0.85 3.3 0.85 
180 20 0.3 1.8 0.2 1.5 0.35 
180 20 0.3 1.8 0.25 1.5 0.5 
180 20 0.3 1.8 0.28 3.72 0.27 
180 20 0.3 1.8 0.67 5.7 0.67 
180 20 0.3 1.8 0.85 3.3 0.85 
180 20 0.5 0.6 0.2 1.5 0.35 
180 20 0.5 0.6 0.25 1.5 0.5 
180 20 0.5 0.6 0.28 3.72 0.27 
180 20 0.5 0.6 0.67 5.7 0.67 
180 20 0.5 0.6 0.85 3.3 0.85 
180 20 0.5 1.0 0.2 1.5 0.35 
180 20 0.5 1.0 0.25 1.5 0.5 
180 20 0.5 1.0 0.28 3.72 0.27 
180 20 0.5 1.0 0.67 5.7 0.67 
180 20 0.5 1.0 0.85 3.3 0.85 
180 20 0.5 1.3 0.2 1.5 0.35 
180 20 0.5 1.3 0.25 1.5 0.5 
180 20 0.5 1.3 0.28 3.72 0.27 
180 20 0.5 1.3 0.67 5.7 0.67 
180 20 0.5 1.3 0.85 3.3 0.85 
180 20 0.5 1.5 0.2 1.5 0.35 
180 20 0.5 1.5 0.25 1.5 0.5 
180 20 0.5 1.5 0.28 3.72 0.27 
180 20 0.5 1.5 0.67 5.7 0.67 
180 20 0.5 1.5 0.85 3.3 0.85 
180 20 0.5 1.8 0.2 1.5 0.35 
180 20 0.5 1.8 0.25 1.5 0.5 
180 20 0.5 1.8 0.28 3.72 0.27 
180 20 0.5 1.8 0.67 5.7 0.67 
180 20 0.5 1.8 0.85 3.3 0.85 
180 20 0.8 0.6 0.2 1.5 0.35 
180 20 0.8 0.6 0.25 1.5 0.5 
180 20 0.8 0.6 0.28 3.72 0.27 
180 20 0.8 0.6 0.67 5.7 0.67 
180 20 0.8 0.6 0.85 3.3 0.85 
180 20 0.8 1.0 0.2 1.5 0.35 
180 20 0.8 1.0 0.25 1.5 0.5 
180 20 0.8 1.0 0.28 3.72 0.27 
180 20 0.8 1.0 0.67 5.7 0.67 
180 20 0.8 1.0 0.85 3.3 0.85 
180 20 0.8 1.3 0.2 1.5 0.35 
180 20 0.8 1.3 0.25 1.5 0.5 
180 20 0.8 1.3 0.28 3.72 0.27 
180 20 0.8 1.3 0.67 5.7 0.67 
180 20 0.8 1.3 0.85 3.3 0.85 
180 20 0.8 1.5 0.2 1.5 0.35 
180 20 0.8 1.5 0.25 1.5 0.5 
180 20 0.8 1.5 0.28 3.72 0.27 
180 20 0.8 1.5 0.67 5.7 0.67 
180 20 0.8 1.5 0.85 3.3 0.85 
180 20 0.8 1.8 0.2 1.5 0.35 
180 20 0.8 1.8 0.25 1.5 0.5 
180 20 0.8 1.8 0.28 3.72 0.27 
180 20 0.8 1.8 0.67 5.7 0.67 
180 20 0.8 1.8 0.85 3.3 0.85 
180 20 1.2 0.6 0.2 1.5 0.35 
180 20 1.2 0.6 0.25 1.5 0.5 
180 20 1.2 0.6 0.28 3.72 0.27 
180 20 1.2 0.6 0.67 5.7 0.67 
180 20 1.2 0.6 0.85 3.3 0.85 
180 20 1.2 1.0 0.2 1.5 0.35 
180 20 1.2 1.0 0.25 1.5 0.5 
180 20 1.2 1.0 0.28 3.72 0.27 
180 20 1.2 1.0 0.67 5.7 0.67 
180 20 1.2 1.0 0.85 3.3 0.85 
180 20 1.2 1.3 0.2 1.5 0.35 
180 20 1.2 1.3 0.25 1.5 0.5 
180 20 1.2 1.3 0.28 3.72 0.27 
180 20 1.2 1.3 0.67 5.7 0.67 
180 20 1.2 1.3 0.85 3.3 0.85 
180 20 1.2 1.5 0.2 1.5 0.35 
180 20 1.2 1.5 0.25 1.5 0.5 
180 20 1.2 1.5 0.28 3.72 0.27 
180 20 1.2 1.5 0.67 5.7 0.67 
180 20 1.2 1.5 0.85 3.3 0.85 
180 20 1.2 1.8 0.2 1.5 0.35 
180 20 1.2 1.8 0.25 1.5 0.5 
180 20 1.2 1.8 0.28 3.72 0.27 
180 20 1.2 1.8 0.67 5.7 0.67 
180 20 1.2 1.8 0.85 3.3 0.85 
180 20 1.5 0.6 0.2 1.5 0.35 
180 20 1.5 0.6 0.25 1.5 0.5 
180 20 1.5 0.6 0.28 3.72 0.27 
180 20 1.5 0.6 0.67 5.7 0.67 
180 20 1.5 0.6 0.85 3.3 0.85 
180 20 1.5 1.0 0.2 1.5 0.35 
180 20 1.5 1.0 0.25 1.5 0.5 
180 20 1.5 1.0 0.28 3.72 0.27 
180 20 1.5 1.0 0.67 5.7 0.67 
180 20 1.5 1.0 0.85 3.3 0.85 
180 20 1.5 1.3 0.2 1.5 0.35 
180 20 1.5 1.3 0.25 1.5 0.5 
180 20 1.5 1.3 0.28 3.72 0.27 
180 20 1.5 1.3 0.67 5.7 0.67 
180 20 1.5 1.3 0.85 3.3 0.85 
180 20 1.5 1.5 0.2 1.5 0.35 
180 20 1.5 1.5 0.25 1.5 0.5 
180 20 1.5 1.5 0.28 3.72 0.27 
180 20 1.5 1.5 0.67 5.7 0.67 
180 20 1.5 1.5 0.85 3.3 0.85 
180 20 1.5 1.8 0.2 1.5 0.35 
180 20 1.5 1.8 0.25 1.5 0.5 
180 20 1.5 1.8 0.28 3.72 0.27 
180 20 1.5 1.8 0.67 5.7 0.67 
180 20 1.5 1.8 0.85 3.3 0.85 
180 40 0.3 0.6 0.2 1.5 0.35 
180 40 0.3 0.6 0.25 1.5 0.5 
180 40 0.3 0.6 0.28 3.72 0.27 
180 40 0.3 0.6 0.67 5.7 0.67 
180 40 0.3 0.6 0.85 3.3 0.85 
180 40 0.3 1.0 0.2 1.5 0.35 
180 40 0.3 1.0 0.25 1.5 0.5 
180 40 0.3 1.0 0.28 3.72 0.27 
180 40 0.3 1.0 0.67 5.7 0.67 
180 40 0.3 1.0 0.85 3.3 0.85 
180 40 0.3 1.3 0.2 1.5 0.35 
180 40 0.3 1.3 0.25 1.5 0.5 
180 40 0.3 1.3 0.28 3.72 0.27 
180 40 0.3 1.3 0.67 5.7 0.67 
180 40 0.3 1.3 0.85 3.3 0.85 
180 40 0.3 1.5 0.2 1.5 0.35 
180 40 0.3 1.5 0.25 1.5 0.5 
180 40 0.3 1.5 0.28 3.72 0.27 
180 40 0.3 1.5 0.67 5.7 0.67 
180 40 0.3 1.5 0.85 3.3 0.85 
180 40 0.3 1.8 0.2 1.5 0.35 
180 40 0.3 1.8 0.25 1.5 0.5 
180 40 0.3 1.8 0.28 3.72 0.27 
180 40 0.3 1.8 0.67 5.7 0.67 
180 40 0.3 1.8 0.85 3.3 0.85 
180 40 0.5 0.6 0.2 1.5 0.35 
180 40 0.5 0.6 0.25 1.5 0.5 
180 40 0.5 0.6 0.28 3.72 0.27 
180 40 0.5 0.6 0.67 5.7 0.67 
180 40 0.5 0.6 0.85 3.3 0.85 
180 40 0.5 1.0 0.2 1.5 0.35 
180 40 0.5 1.0 0.25 1.5 0.5 
180 40 0.5 1.0 0.28 3.72 0.27 
180 40 0.5 1.0 0.67 5.7 0.67 
180 40 0.5 1.0 0.85 3.3 0.85 
180 40 0.5 1.3 0.2 1.5 0.35 
180 40 0.5 1.3 0.25 1.5 0.5 
180 40 0.5 1.3 0.28 3.72 0.27 
180 40 0.5 1.3 0.67 5.7 0.67 
180 40 0.5 1.3 0.85 3.3 0.85 
180 40 0.5 1.5 0.2 1.5 0.35 
180 40 0.5 1.5 0.25 1.5 0.5 
180 40 0.5 1.5 0.28 3.72 0.27 
180 40 0.5 1.5 0.67 5.7 0.67 
180 40 0.5 1.5 0.85 3.3 0.85 
180 40 0.5 1.8 0.2 1.5 0.35 
180 40 0.5 1.8 0.25 1.5 0.5 
180 40 0.5 1.8 0.28 3.72 0.27 
180 40 0.5 1.8 0.67 5.7 0.67 
180 40 0.5 1.8 0.85 3.3 0.85 
180 40 0.8 0.6 0.2 1.5 0.35 
180 40 0.8 0.6 0.25 1.5 0.5 
180 40 0.8 0.6 0.28 3.72 0.27 
180 40 0.8 0.6 0.67 5.7 0.67 
180 40 0.8 0.6 0.85 3.3 0.85 
180 40 0.8 1.0 0.2 1.5 0.35 
180 40 0.8 1.0 0.25 1.5 0.5 
180 40 0.8 1.0 0.28 3.72 0.27 
180 40 0.8 1.0 0.67 5.7 0.67 
180 40 0.8 1.0 0.85 3.3 0.85 
180 40 0.8 1.3 0.2 1.5 0.35 
180 40 0.8 1.3 0.25 1.5 0.5 
180 40 0.8 1.3 0.28 3.72 0.27 
180 40 0.8 1.3 0.67 5.7 0.67 
180 40 0.8 1.3 0.85 3.3 0.85 
180 40 0.8 1.5 0.2 1.5 0.35 
180 40 0.8 1.5 0.25 1.5 0.5 
180 40 0.8 1.5 0.28 3.72 0.27 
180 40 0.8 1.5 0.67 5.7 0.67 
180 40 0.8 1.5 0.85 3.3 0.85 
180 40 0.8 1.8 0.2 1.5 0.35 
180 40 0.8 1.8 0.25 1.5 0.5 
180 40 0.8 1.8 0.28 3.72 0.27 
180 40 0.8 1.8 0.67 5.7 0.67 
180 40 0.8 1.8 0.85 3.3 0.85 
180 40 1.2 0.6 0.2 1.5 0.35 
180 40 1.2 0.6 0.25 1.5 0.5 
180 40 1.2 0.6 0.28 3.72 0.27 
180 40 1.2 0.6 0.67 5.7 0.67 
180 40 1.2 0.6 0.85 3.3 0.85 
180 40 1.2 1.0 0.2 1.5 0.35 
180 40 1.2 1.0 0.25 1.5 0.5 
180 40 1.2 1.0 0.28 3.72 0.27 
180 40 1.2 1.0 0.67 5.7 0.67 
180 40 1.2 1.0 0.85 3.3 0.85 
180 40 1.2 1.3 0.2 1.5 0.35 
180 40 1.2 1.3 0.25 1.5 0.5 
180 40 1.2 1.3 0.28 3.72 0.27 
180 40 1.2 1.3 0.67 5.7 0.67 
180 40 1.2 1.3 0.85 3.3 0.85 
180 40 1.2 1.5 0.2 1.5 0.35 
180 40 1.2 1.5 0.25 1.5 0.5 
180 40 1.2 1.5 0.28 3.72 0.27 
180 40 1.2 1.5 0.67 5.7 0.67 
180 40 1.2 1.5 0.85 3.3 0.85 
180 40 1.2 1.8 0.2 1.5 0.35 
180 40 1.2 1.8 0.25 1.5 0.5 
180 40 1.2 1.8 0.28 3.72 0.27 
180 40 1.2 1.8 0.67 5.7 0.67 
180 40 1.2 1.8 0.85 3.3 0.85 
180 40 1.5 0.6 0.2 1.5 0.35 
180 40 1.5 0.6 0.25 1.5 0.5 
180 40 1.5 0.6 0.28 3.72 0.27 
180 40 1.5 0.6 0.67 5.7 0.67 
180 40 1.5 0.6 0.85 3.3 0.85 
180 40 1.5 1.0 0.2 1.5 0.35 
180 40 1.5 1.0 0.25 1.5 0.5 
180 40 1.5 1.0 0.28 3.72 0.27 
180 40 1.5 1.0 0.67 5.7 0.67 
180 40 1.5 1.0 0.85 3.3 0.85 
180 40 1.5 1.3 0.2 1.5 0.35 
180 40 1.5 1.3 0.25 1.5 0.5 
180 40 1.5 1.3 0.28 3.72 0.27 
180 40 1.5 1.3 0.67 5.7 0.67 
180 40 1.5 1.3 0.85 3.3 0.85 
180 40 1.5 1.5 0.2 1.5 0.35 
180 40 1.5 1.5 0.25 1.5 0.5 
180 40 1.5 1.5 0.28 3.72 0.27 
180 40 1.5 1.5 0.67 5.7 0.67 
180 40 1.5 1.5 0.85 3.3 0.85 
180 40 1.5 1.8 0.2 1.5 0.35 
180 40 1.5 1.8 0.25 1.5 0.5 
180 40 1.5 1.8 0.28 3.72 0.27 
180 40 1.5 1.8 0.67 5.7 0.67 
180 40 1.5 1.8 0.85 3.3 0.85 
180 50 0.3 0.6 0.2 1.5 0.35 
180 50 0.3 0.6 0.25 1.5 0.5 
180 50 0.3 0.6 0.28 3.72 0.27 
180 50 0.3 0.6 0.67 5.7 0.67 
180 50 0.3 0.6 0.85 3.3 0.85 
180 50 0.3 1.0 0.2 1.5 0.35 
180 50 0.3 1.0 0.25 1.5 0.5 
180 50 0.3 1.0 0.28 3.72 0.27 
180 50 0.3 1.0 0.67 5.7 0.67 
180 50 0.3 1.0 0.85 3.3 0.85 
180 50 0.3 1.3 0.2 1.5 0.35 
180 50 0.3 1.3 0.25 1.5 0.5 
180 50 0.3 1.3 0.28 3.72 0.27 
180 50 0.3 1.3 0.67 5.7 0.67 
180 50 0.3 1.3 0.85 3.3 0.85 
180 50 0.3 1.5 0.2 1.5 0.35 
180 50 0.3 1.5 0.25 1.5 0.5 
180 50 0.3 1.5 0.28 3.72 0.27 
180 50 0.3 1.5 0.67 5.7 0.67 
180 50 0.3 1.5 0.85 3.3 0.85 
180 50 0.3 1.8 0.2 1.5 0.35 
180 50 0.3 1.8 0.25 1.5 0.5 
180 50 0.3 1.8 0.28 3.72 0.27 
180 50 0.3 1.8 0.67 5.7 0.67 
180 50 0.3 1.8 0.85 3.3 0.85 
180 50 0.5 0.6 0.2 1.5 0.35 
180 50 0.5 0.6 0.25 1.5 0.5 
180 50 0.5 0.6 0.28 3.72 0.27 
180 50 0.5 0.6 0.67 5.7 0.67 
180 50 0.5 0.6 0.85 3.3 0.85 
180 50 0.5 1.0 0.2 1.5 0.35 
180 50 0.5 1.0 0.25 1.5 0.5 
180 50 0.5 1.0 0.28 3.72 0.27 
180 50 0.5 1.0 0.67 5.7 0.67 
180 50 0.5 1.0 0.85 3.3 0.85 
180 50 0.5 1.3 0.2 1.5 0.35 
180 50 0.5 1.3 0.25 1.5 0.5 
180 50 0.5 1.3 0.28 3.72 0.27 
180 50 0.5 1.3 0.67 5.7 0.67 
180 50 0.5 1.3 0.85 3.3 0.85 
180 50 0.5 1.5 0.2 1.5 0.35 
180 50 0.5 1.5 0.25 1.5 0.5 
180 50 0.5 1.5 0.28 3.72 0.27 
180 50 0.5 1.5 0.67 5.7 0.67 
180 50 0.5 1.5 0.85 3.3 0.85 
180 50 0.5 1.8 0.2 1.5 0.35 
180 50 0.5 1.8 0.25 1.5 0.5 
180 50 0.5 1.8 0.28 3.72 0.27 
180 50 0.5 1.8 0.67 5.7 0.67 
180 50 0.5 1.8 0.85 3.3 0.85 
180 50 0.8 0.6 0.2 1.5 0.35 
180 50 0.8 0.6 0.25 1.5 0.5 
180 50 0.8 0.6 0.28 3.72 0.27 
180 50 0.8 0.6 0.67 5.7 0.67 
180 50 0.8 0.6 0.85 3.3 0.85 
180 50 0.8 1.0 0.2 1.5 0.35 
180 50 0.8 1.0 0.25 1.5 0.5 
180 50 0.8 1.0 0.28 3.72 0.27 
180 50 0.8 1.0 0.67 5.7 0.67 
180 50 0.8 1.0 0.85 3.3 0.85 
180 50 0.8 1.3 0.2 1.5 0.35 
180 50 0.8 1.3 0.25 1.5 0.5 
180 50 0.8 1.3 0.28 3.72 0.27 
180 50 0.8 1.3 0.67 5.7 0.67 
180 50 0.8 1.3 0.85 3.3 0.85 
180 50 0.8 1.5 0.2 1.5 0.35 
180 50 0.8 1.5 0.25 1.5 0.5 
180 50 0.8 1.5 0.28 3.72 0.27 
180 50 0.8 1.5 0.67 5.7 0.67 
180 50 0.8 1.5 0.85 3.3 0.85 
180 50 0.8 1.8 0.2 1.5 0.35 
180 50 0.8 1.8 0.25 1.5 0.5 
180 50 0.8 1.8 0.28 3.72 0.27 
180 50 0.8 1.8 0.67 5.7 0.67 
180 50 0.8 1.8 0.85 3.3 0.85 
180 50 1.2 0.6 0.2 1.5 0.35 
180 50 1.2 0.6 0.25 1.5 0.5 
180 50 1.2 0.6 0.28 3.72 0.27 
180 50 1.2 0.6 0.67 5.7 0.67 
180 50 1.2 0.6 0.85 3.3 0.85 
180 50 1.2 1.0 0.2 1.5 0.35 
180 50 1.2 1.0 0.25 1.5 0.5 
180 50 1.2 1.0 0.28 3.72 0.27 
180 50 1.2 1.0 0.67 5.7 0.67 
180 50 1.2 1.0 0.85 3.3 0.85 
180 50 1.2 1.3 0.2 1.5 0.35 
180 50 1.2 1.3 0.25 1.5 0.5 
180 50 1.2 1.3 0.28 3.72 0.27 
180 50 1.2 1.3 0.67 5.7 0.67 
180 50 1.2 1.3 0.85 3.3 0.85 
180 50 1.2 1.5 0.2 1.5 0.35 
180 50 1.2 1.5 0.25 1.5 0.5 
180 50 1.2 1.5 0.28 3.72 0.27 
180 50 1.2 1.5 0.67 5.7 0.67 
180 50 1.2 1.5 0.85 3.3 0.85 
180 50 1.2 1.8 0.2 1.5 0.35 
180 50 1.2 1.8 0.25 1.5 0.5 
180 50 1.2 1.8 0.28 3.72 0.27 
180 50 1.2 1.8 0.67 5.7 0.67 
180 50 1.2 1.8 0.85 3.3 0.85 
180 50 1.5 0.6 0.2 1.5 0.35 
180 50 1.5 0.6 0.25 1.5 0.5 
180 50 1.5 0.6 0.28 3.72 0.27 
180 50 1.5 0.6 0.67 5.7 0.67 
180 50 1.5 0.6 0.85 3.3 0.85 
180 50 1.5 1.0 0.2 1.5 0.35 
180 50 1.5 1.0 0.25 1.5 0.5 
180 50 1.5 1.0 0.28 3.72 0.27 
180 50 1.5 1.0 0.67 5.7 0.67 
180 50 1.5 1.0 0.85 3.3 0.85 
180 50 1.5 1.3 0.2 1.5 0.35 
180 50 1.5 1.3 0.25 1.5 0.5 
180 50 1.5 1.3 0.28 3.72 0.27 
180 50 1.5 1.3 0.67 5.7 0.67 
180 50 1.5 1.3 0.85 3.3 0.85 
180 50 1.5 1.5 0.2 1.5 0.35 
180 50 1.5 1.5 0.25 1.5 0.5 
180 50 1.5 1.5 0.28 3.72 0.27 
180 50 1.5 1.5 0.67 5.7 0.67 
180 50 1.5 1.5 0.85 3.3 0.85 
180 50 1.5 1.8 0.2 1.5 0.35 
180 50 1.5 1.8 0.25 1.5 0.5 
180 50 1.5 1.8 0.28 3.72 0.27 
180 50 1.5 1.8 0.67 5.7 0.67 
180 50 1.5 1.8 0.85 3.3 0.85 
180 60 0.3 0.6 0.2 1.5 0.35 
180 60 0.3 0.6 0.25 1.5 0.5 
180 60 0.3 0.6 0.28 3.72 0.27 
180 60 0.3 0.6 0.67 5.7 0.67 
180 60 0.3 0.6 0.85 3.3 0.85 
180 60 0.3 1.0 0.2 1.5 0.35 
180 60 0.3 1.0 0.25 1.5 0.5 
180 60 0.3 1.0 0.28 3.72 0.27 
180 60 0.3 1.0 0.67 5.7 0.67 
180 60 0.3 1.0 0.85 3.3 0.85 
180 60 0.3 1.3 0.2 1.5 0.35 
180 60 0.3 1.3 0.25 1.5 0.5 
180 60 0.3 1.3 0.28 3.72 0.27 
180 60 0.3 1.3 0.67 5.7 0.67 
180 60 0.3 1.3 0.85 3.3 0.85 
180 60 0.3 1.5 0.2 1.5 0.35 
180 60 0.3 1.5 0.25 1.5 0.5 
180 60 0.3 1.5 0.28 3.72 0.27 
180 60 0.3 1.5 0.67 5.7 0.67 
180 60 0.3 1.5 0.85 3.3 0.85 
180 60 0.3 1.8 0.2 1.5 0.35 
180 60 0.3 1.8 0.25 1.5 0.5 
180 60 0.3 1.8 0.28 3.72 0.27 
180 60 0.3 1.8 0.67 5.7 0.67 
180 60 0.3 1.8 0.85 3.3 0.85 
180 60 0.5 0.6 0.2 1.5 0.35 
180 60 0.5 0.6 0.25 1.5 0.5 
180 60 0.5 0.6 0.28 3.72 0.27 
180 60 0.5 0.6 0.67 5.7 0.67 
180 60 0.5 0.6 0.85 3.3 0.85 
180 60 0.5 1.0 0.2 1.5 0.35 
180 60 0.5 1.0 0.25 1.5 0.5 
180 60 0.5 1.0 0.28 3.72 0.27 
180 60 0.5 1.0 0.67 5.7 0.67 
180 60 0.5 1.0 0.85 3.3 0.85 
180 60 0.5 1.3 0.2 1.5 0.35 
180 60 0.5 1.3 0.25 1.5 0.5 
180 60 0.5 1.3 0.28 3.72 0.27 
180 60 0.5 1.3 0.67 5.7 0.67 
180 60 0.5 1.3 0.85 3.3 0.85 
180 60 0.5 1.5 0.2 1.5 0.35 
180 60 0.5 1.5 0.25 1.5 0.5 
180 60 0.5 1.5 0.28 3.72 0.27 
180 60 0.5 1.5 0.67 5.7 0.67 
180 60 0.5 1.5 0.85 3.3 0.85 
180 60 0.5 1.8 0.2 1.5 0.35 
180 60 0.5 1.8 0.25 1.5 0.5 
180 60 0.5 1.8 0.28 3.72 0.27 
180 60 0.5 1.8 0.67 5.7 0.67 
180 60 0.5 1.8 0.85 3.3 0.85 
180 60 0.8 0.6 0.2 1.5 0.35 
180 60 0.8 0.6 0.25 1.5 0.5 
180 60 0.8 0.6 0.28 3.72 0.27 
180 60 0.8 0.6 0.67 5.7 0.67 
180 60 0.8 0.6 0.85 3.3 0.85 
180 60 0.8 1.0 0.2 1.5 0.35 
180 60 0.8 1.0 0.25 1.5 0.5 
180 60 0.8 1.0 0.28 3.72 0.27 
180 60 0.8 1.0 0.67 5.7 0.67 
180 60 0.8 1.0 0.85 3.3 0.85 
180 60 0.8 1.3 0.2 1.5 0.35 
180 60 0.8 1.3 0.25 1.5 0.5 
180 60 0.8 1.3 0.28 3.72 0.27 
180 60 0.8 1.3 0.67 5.7 0.67 
180 60 0.8 1.3 0.85 3.3 0.85 
180 60 0.8 1.5 0.2 1.5 0.35 
180 60 0.8 1.5 0.25 1.5 0.5 
180 60 0.8 1.5 0.28 3.72 0.27 
180 60 0.8 1.5 0.67 5.7 0.67 
180 60 0.8 1.5 0.85 3.3 0.85 
180 60 0.8 1.8 0.2 1.5 0.35 
180 60 0.8 1.8 0.25 1.5 0.5 
180 60 0.8 1.8 0.28 3.72 0.27 
180 60 0.8 1.8 0.67 5.7 0.67 
180 60 0.8 1.8 0.85 3.3 0.85 
180 60 1.2 0.6 0.2 1.5 0.35 
180 60 1.2 0.6 0.25 1.5 0.5 
180 60 1.2 0.6 0.28 3.72 0.27 
180 60 1.2 0.6 0.67 5.7 0.67 
180 60 1.2 0.6 0.85 3.3 0.85 
180 60 1.2 1.0 0.2 1.5 0.35 
180 60 1.2 1.0 0.25 1.5 0.5 
180 60 1.2 1.0 0.28 3.72 0.27 
180 60 1.2 1.0 0.67 5.7 0.67 
180 60 1.2 1.0 0.85 3.3 0.85 
180 60 1.2 1.3 0.2 1.5 0.35 
180 60 1.2 1.3 0.25 1.5 0.5 
180 60 1.2 1.3 0.28 3.72 0.27 
180 60 1.2 1.3 0.67 5.7 0.67 
180 60 1.2 1.3 0.85 3.3 0.85 
180 60 1.2 1.5 0.2 1.5 0.35 
180 60 1.2 1.5 0.25 1.5 0.5 
180 60 1.2 1.5 0.28 3.72 0.27 
180 60 1.2 1.5 0.67 5.7 0.67 
180 60 1.2 1.5 0.85 3.3 0.85 
180 60 1.2 1.8 0.2 1.5 0.35 
180 60 1.2 1.8 0.25 1.5 0.5 
180 60 1.2 1.8 0.28 3.72 0.27 
180 60 1.2 1.8 0.67 5.7 0.67 
180 60 1.2 1.8 0.85 3.3 0.85 
180 60 1.5 0.6 0.2 1.5 0.35 
180 60 1.5 0.6 0.25 1.5 0.5 
180 60 1.5 0.6 0.28 3.72 0.27 
180 60 1.5 0.6 0.67 5.7 0.67 
180 60 1.5 0.6 0.85 3.3 0.85 
180 60 1.5 1.0 0.2 1.5 0.35 
180 60 1.5 1.0 0.25 1.5 0.5 
180 60 1.5 1.0 0.28 3.72 0.27 
180 60 1.5 1.0 0.67 5.7 0.67 
180 60 1.5 1.0 0.85 3.3 0.85 
180 60 1.5 1.3 0.2 1.5 0.35 
180 60 1.5 1.3 0.25 1.5 0.5 
180 60 1.5 1.3 0.28 3.72 0.27 
180 60 1.5 1.3 0.67 5.7 0.67 
180 60 1.5 1.3 0.85 3.3 0.85 
180 60 1.5 1.5 0.2 1.5 0.35 
180 60 1.5 1.5 0.25 1.5 0.5 
180 60 1.5 1.5 0.28 3.72 0.27 
180 60 1.5 1.5 0.67 5.7 0.67 
180 60 1.5 1.5 0.85 3.3 0.85 
180 60 1.5 1.8 0.2 1.5 0.35 
180 60 1.5 1.8 0.25 1.5 0.5 
180 60 1.5 1.8 0.28 3.72 0.27 
180 60 1.5 1.8 0.67 5.7 0.67 
180 60 1.5 1.8 0.85 3.3 0.85 
180 80 0.3 0.6 0.2 1.5 0.35 
180 80 0.3 0.6 0.25 1.5 0.5 
180 80 0.3 0.6 0.28 3.72 0.27 
180 80 0.3 0.6 0.67 5.7 0.67 
180 80 0.3 0.6 0.85 3.3 0.85 
180 80 0.3 1.0 0.2 1.5 0.35 
180 80 0.3 1.0 0.25 1.5 0.5 
180 80 0.3 1.0 0.28 3.72 0.27 
180 80 0.3 1.0 0.67 5.7 0.67 
180 80 0.3 1.0 0.85 3.3 0.85 
180 80 0.3 1.3 0.2 1.5 0.35 
180 80 0.3 1.3 0.25 1.5 0.5 
180 80 0.3 1.3 0.28 3.72 0.27 
180 80 0.3 1.3 0.67 5.7 0.67 
180 80 0.3 1.3 0.85 3.3 0.85 
180 80 0.3 1.5 0.2 1.5 0.35 
180 80 0.3 1.5 0.25 1.5 0.5 
180 80 0.3 1.5 0.28 3.72 0.27 
180 80 0.3 1.5 0.67 5.7 0.67 
180 80 0.3 1.5 0.85 3.3 0.85 
180 80 0.3 1.8 0.2 1.5 0.35 
180 80 0.3 1.8 0.25 1.5 0.5 
180 80 0.3 1.8 0.28 3.72 0.27 
180 80 0.3 1.8 0.67 5.7 0.67 
180 80 0.3 1.8 0.85 3.3 0.85 
180 80 0.5 0.6 0.2 1.5 0.35 
180 80 0.5 0.6 0.25 1.5 0.5 
180 80 0.5 0.6 0.28 3.72 0.27 
180 80 0.5 0.6 0.67 5.7 0.67 
180 80 0.5 0.6 0.85 3.3 0.85 
180 80 0.5 1.0 0.2 1.5 0.35 
180 80 0.5 1.0 0.25 1.5 0.5 
180 80 0.5 1.0 0.28 3.72 0.27 
180 80 0.5 1.0 0.67 5.7 0.67 
180 80 0.5 1.0 0.85 3.3 0.85 
180 80 0.5 1.3 0.2 1.5 0.35 
180 80 0.5 1.3 0.25 1.5 0.5 
180 80 0.5 1.3 0.28 3.72 0.27 
180 80 0.5 1.3 0.67 5.7 0.67 
180 80 0.5 1.3 0.85 3.3 0.85 
180 80 0.5 1.5 0.2 1.5 0.35 
180 80 0.5 1.5 0.25 1.5 0.5 
180 80 0.5 1.5 0.28 3.72 0.27 
180 80 0.5 1.5 0.67 5.7 0.67 
180 80 0.5 1.5 0.85 3.3 0.85 
180 80 0.5 1.8 0.2 1.5 0.35 
180 80 0.5 1.8 0.25 1.5 0.5 
180 80 0.5 1.8 0.28 3.72 0.27 
180 80 0.5 1.8 0.67 5.7 0.67 
180 80 0.5 1.8 0.85 3.3 0.85 
180 80 0.8 0.6 0.2 1.5 0.35 
180 80 0.8 0.6 0.25 1.5 0.5 
180 80 0.8 0.6 0.28 3.72 0.27 
180 80 0.8 0.6 0.67 5.7 0.67 
180 80 0.8 0.6 0.85 3.3 0.85 
180 80 0.8 1.0 0.2 1.5 0.35 
180 80 0.8 1.0 0.25 1.5 0.5 
180 80 0.8 1.0 0.28 3.72 0.27 
180 80 0.8 1.0 0.67 5.7 0.67 
180 80 0.8 1.0 0.85 3.3 0.85 
180 80 0.8 1.3 0.2 1.5 0.35 
180 80 0.8 1.3 0.25 1.5 0.5 
180 80 0.8 1.3 0.28 3.72 0.27 
180 80 0.8 1.3 0.67 5.7 0.67 
180 80 0.8 1.3 0.85 3.3 0.85 
180 80 0.8 1.5 0.2 1.5 0.35 
180 80 0.8 1.5 0.25 1.5 0.5 
180 80 0.8 1.5 0.28 3.72 0.27 
180 80 0.8 1.5 0.67 5.7 0.67 
180 80 0.8 1.5 0.85 3.3 0.85 
180 80 0.8 1.8 0.2 1.5 0.35 
180 80 0.8 1.8 0.25 1.5 0.5 
180 80 0.8 1.8 0.28 3.72 0.27 
180 80 0.8 1.8 0.67 5.7 0.67 
180 80 0.8 1.8 0.85 3.3 0.85 
180 80 1.2 0.6 0.2 1.5 0.35 
180 80 1.2 0.6 0.25 1.5 0.5 
180 80 1.2 0.6 0.28 3.72 0.27 
180 80 1.2 0.6 0.67 5.7 0.67 
180 80 1.2 0.6 0.85 3.3 0.85 
180 80 1.2 1.0 0.2 1.5 0.35 
180 80 1.2 1.0 0.25 1.5 0.5 
180 80 1.2 1.0 0.28 3.72 0.27 
180 80 1.2 1.0 0.67 5.7 0.67 
180 80 1.2 1.0 0.85 3.3 0.85 
180 80 1.2 1.3 0.2 1.5 0.35 
180 80 1.2 1.3 0.25 1.5 0.5 
180 80 1.2 1.3 0.28 3.72 0.27 
180 80 1.2 1.3 0.67 5.7 0.67 
180 80 1.2 1.3 0.85 3.3 0.85 
180 80 1.2 1.5 0.2 1.5 0.35 
180 80 1.2 1.5 0.25 1.5 0.5 
180 80 1.2 1.5 0.28 3.72 0.27 
180 80 1.2 1.5 0.67 5.7 0.67 
180 80 1.2 1.5 0.85 3.3 0.85 
180 80 1.2 1.8 0.2 1.5 0.35 
180 80 1.2 1.8 0.25 1.5 0.5 
180 80 1.2 1.8 0.28 3.72 0.27 
180 80 1.2 1.8 0.67 5.7 0.67 
180 80 1.2 1.8 0.85 3.3 0.85 
180 80 1.5 0.6 0.2 1.5 0.35 
180 80 1.5 0.6 0.25 1.5 0.5 
180 80 1.5 0.6 0.28 3.72 0.27 
180 80 1.5 0.6 0.67 5.7 0.67 
180 80 1.5 0.6 0.85 3.3 0.85 
180 80 1.5 1.0 0.2 1.5 0.35 
180 80 1.5 1.0 0.25 1.5 0.5 
180 80 1.5 1.0 0.28 3.72 0.27 
180 80 1.5 1.0 0.67 5.7 0.67 
180 80 1.5 1.0 0.85 3.3 0.85 
180 80 1.5 1.3 0.2 1.5 0.35 
180 80 1.5 1.3 0.25 1.5 0.5 
180 80 1.5 1.3 0.28 3.72 0.27 
180 80 1.5 1.3 0.67 5.7 0.67 
180 80 1.5 1.3 0.85 3.3 0.85 
180 80 1.5 1.5 0.2 1.5 0.35 
180 80 1.5 1.5 0.25 1.5 0.5 
180 80 1.5 1.5 0.28 3.72 0.27 
180 80 1.5 1.5 0.67 5.7 0.67 
180 80 1.5 1.5 0.85 3.3 0.85 
180 80 1.5 1.8 0.2 1.5 0.35 
180 80 1.5 1.8 0.25 1.5 0.5 
180 80 1.5 1.8 0.28 3.72 0.27 
180 80 1.5 1.8 0.67 5.7 0.67 
180 80 1.5 1.8 0.85 3.3 0.85 
